(theory
 ("Hol4SmlOrder"
  ("Hol4SmlApplication" . "03830d475d9f11df42ffb4daa64ef4c774c284f4")
  ("evaluateProps" . "9a4876a06416cb1940083058dd7ed95f8d7a967e"))
 (core-data
  (tables
   (string-table "list" "pair" "prod" "semanticPrimitives" "v" "mlstring"
    "ast" "exp" "namespace" "stamp" "num" "sem_env" "option" "id"
    "error_result" "store_v" "state" "result" "bool" "!" "min" "fun" ","
    "pat" "/\\" "0" "prim_rec" "<" "=" "match_result" "==>" "ALL_DISTINCT"
    "APPEND" "App" "op" "arithmetic" "BIT1" "BIT2" "string" "CHR" "char"
    "COND" "CONS" "Con" "Conv" "FOLDR" "Fun" "Ident" "IntLit" "lit"
    "integer" "int" "LENGTH" "LIST_REL" "Let" "Lit" "Litv" "MAP" "Mat"
    "Match" "NIL" "NONE" "NUMERAL" "Opapp" "Pany" "Pcon" "Pvar" "REVERSE"
    "Rabort" "abort" "Raise" "Rerr" "Rraise" "Rtimeout_error" "Rtype_error"
    "Rval" "SOME" "Short" "ZERO" "ZIP" "alist_to_ns" "build_conv"
    "evaluate" "dec_clock" "do_con_check" "do_opapp" "fix_clock" "implode"
    "int_of_num" "Hol4SmlOrder" "lower_sml_application_ltr"
    "lower_sml_con_ltr" "lower_sml_sequence_list" "nsAppend" "nsLookup"
    "option_CASE" "pair_CASE" "pats_bindings" "pmatch_list"
    "recordtype.sem_env.seldef.c" "recordtype.sem_env.seldef.v"
    "recordtype.state.seldef.clock" "result_CASE"
    "sml_application_ltr_reference" "sml_con_ltr_reference"
    "Hol4SmlApplication" "sml_left_application_reference"
    "sml_sequence_list_derived" "sml_sequence_list_reference"
    "source_closure_environment_is_preserved"
    "sml_sequence_list_reference_def" "sml_sequence_list_derived_def"
    "sml_con_ltr_reference_def" "sml_application_ltr_reference_def"
    "pmatch_capture_variables" "lowered_tuple_raises_first"
    "lowered_tuple_keeps_value_order" "lower_sml_sequence_list_def"
    "lower_sml_sequence_list_correct" "lower_sml_con_ltr_def"
    "lower_sml_con_ltr_correct" "lower_sml_application_ltr_def"
    "lower_sml_application_ltr_correct"
    "lower_sequence_matches_derived_form" "evaluate_variable_list"
    "derived_sequence_list_correct" "construct_from_variable_list"
    "captured_variable_lookups" "capture_pattern_bindings"
    "apply_from_variable_list" "application_reference_two" "combin" "cv"
    "namespaceProps" "numeral" "" "workspace" "scratch" "7755a98cf62b"
    "integrated-proof-evidence" "run-uOJLQoQg" "macros" "build-AbCNtsbl"
    "Hol4SmlOrderScript.sml" "rich_list" "semanticPrimitivesProps"
    "evaluateProps" "folMappingContext" "normalFormsContext" "alist")
   (id-table (0 . 0) (1 . 2) (3 . 4) (5 . 5) (6 . 7) (8 . 8) (3 . 9)
    (10 . 10) (3 . 11) (12 . 12) (8 . 13) (3 . 14) (3 . 15) (3 . 16)
    (3 . 17) (18 . 19) (20 . 21) (20 . 18) (1 . 22) (6 . 23) (18 . 24)
    (10 . 25) (26 . 27) (20 . 28) (3 . 29) (20 . 30) (0 . 31) (0 . 32)
    (6 . 33) (6 . 34) (35 . 36) (35 . 37) (38 . 39) (38 . 40) (18 . 41)
    (0 . 42) (6 . 43) (3 . 44) (0 . 45) (6 . 46) (6 . 47) (6 . 48) (6 . 49)
    (50 . 51) (0 . 52) (0 . 53) (6 . 54) (6 . 55) (3 . 56) (0 . 57)
    (6 . 58) (3 . 59) (0 . 60) (12 . 61) (35 . 62) (6 . 63) (6 . 64)
    (6 . 65) (6 . 66) (0 . 67) (3 . 68) (3 . 69) (6 . 70) (3 . 71) (3 . 72)
    (3 . 73) (3 . 74) (3 . 75) (12 . 76) (8 . 77) (35 . 78) (0 . 79)
    (8 . 80) (3 . 81) (82 . 83) (3 . 84) (3 . 85) (82 . 82) (82 . 86)
    (5 . 87) (50 . 88) (89 . 90) (89 . 91) (89 . 92) (8 . 93) (8 . 94)
    (12 . 95) (1 . 96) (6 . 97) (3 . 98) (3 . 99) (3 . 100) (3 . 101)
    (3 . 102) (89 . 103) (89 . 104) (105 . 106) (89 . 107) (89 . 108))
   (type-table (2) (3) (1 1 0) (0 2) (4) "'b" "'a" "'c" (5 7 6 5) (6) (7)
    (1 10 9) (5 1 1 11) (8 0) (10 1 1) (9 14) (11 0) (0 4) (0 6) (0 1)
    (12 0) (0 20) (13 6) (1 13 4) (0 0) (14 24 0) (0 5) (17) (16 4 27)
    (16 28 27) (16 17 27) (16 30 27) (16 19 27) (16 32 27) (16 3 27)
    (16 34 27) (16 24 27) (16 36 27) (16 15 27) (16 38 27) (16 13 27)
    (16 40 27) (16 22 27) (16 42 27) (1 18 26) (16 26 44) (16 18 45)
    (1 19 24) (16 24 47) (16 19 48) (19) (1 50 4) (16 4 51) (16 50 52)
    (1 22 25) (16 25 54) (16 22 55) (16 27 27) (16 27 57) (16 10 27)
    (16 10 59) (16 4 28) (16 19 32) (24 3) (16 63 27) (16 63 64) (9 5)
    (16 66 27) (16 66 67) (9 0) (16 69 27) (16 69 70) (16 54 27) (16 54 72)
    (16 18 27) (16 3 3) (16 3 75) (16 17 4) (29) (16 78 77) (16 10 10) (33)
    (16 10 81) (16 54 54) (16 54 83) (16 27 84) (0 81) (16 86 86)
    (16 81 87) (16 17 17) (16 4 89) (16 19 19) (16 1 91) (0 51) (16 93 93)
    (16 51 94) (16 24 24) (16 0 96) (16 15 77) (16 24 0) (9 9) (16 100 99)
    (16 4 77) (16 4 4) (16 4 103) (16 104 102) (16 1 103) (16 14 4) (42)
    (43) (16 109 108) (16 18 10) (16 26 10) (16 17 10) (16 19 10)
    (16 24 10) (16 26 27) (16 18 116) (16 5 27) (16 6 118) (16 119 117)
    (16 19 36) (16 0 27) (16 1 122) (16 123 121) (9 1) (16 125 104)
    (16 108 4) (16 108 0) (16 19 17) (16 1 4) (16 130 129) (0 50)
    (16 19 132) (16 1 50) (16 134 133) (16 93 4) (16 4 136) (16 3 63)
    (16 132 50) (16 15 139) (61) (16 141 16) (16 16 25) (16 0 16)
    (16 24 25) (16 5 66) (16 0 69) (10 7 6) (16 6 148) (16 1 14) (1 6 5)
    (0 151) (16 44 152) (16 47 3) (16 152 8) (16 24 69) (16 15 156)
    (16 12 157) (16 22 22) (16 15 59) (16 12 160) (9 23) (16 24 162)
    (16 17 54) (16 13 164) (16 22 165) (16 22 83) (16 86 1) (16 10 109)
    (16 19 4) (16 17 170) (16 15 171) (16 17 103) (16 8 8) (16 8 174)
    (16 148 66) (16 8 176) (16 14 69) (5 1 1 0) (16 179 178) (16 23 54)
    (16 181 54) (16 54 182) (16 162 183) (16 0 54) (16 185 54) (16 54 186)
    (16 69 187) (16 4 54) (16 13 189) (16 190 54) (16 23 191) (16 56 54)
    (16 54 193) (16 132 19) (16 24 138) (16 132 196) (16 21 197)
    (16 12 198) (16 13 12) (16 13 179) (16 22 10) (16 16 54) (16 203 54)
    (16 24 54) (16 205 204) (16 25 206) (16 15 164) (16 13 208) (16 22 209)
    (16 4 189) (16 13 211) (16 22 212) (16 17 189) (16 13 214) (16 22 215)
    (16 17 28) (16 13 217) (16 22 218) (16 219 27) (16 220 27))
   (term-table ("acc" 3) ("aexp" 4) ("base" 8) ("body" 4) ("c" 12)
    ("call_env" 13) ("cn" 15) ("env" 13) ("err" 16) ("es" 17) ("fexp" 4)
    ("first" 4) ("first_id" 14) ("first_value" 0) ("n" 1) ("name" 6)
    ("name" 1) ("names" 18) ("names" 19) ("refs" 21) ("rest" 4) ("rest" 17)
    ("result_exp" 4) ("second_id" 14) ("st" 22) ("st'" 22) ("v" 23)
    ("v1" 25) ("v2" 25) ("value" 5) ("value" 0) ("values" 26) ("values" 24)
    ("vs" 24) (15 29) (15 31) (15 33) (15 35) (15 37) (15 39) (15 41)
    (15 43) (18 46) (18 49) (18 53) (18 56) (20 58) (21 10) (22 60) (23 61)
    (23 62) (23 65) (23 60) (23 68) (23 71) (23 73) (25 58) (26 74) (26 32)
    (27 76) (28 79) (30 80) (31 80) (32 82) (34 85) (35 88) (35 90) (35 92)
    (35 95) (35 97) (36 98) (37 101) (38 105) (39 106) (40 107) (41 110)
    (44 111) (44 112) (44 113) (44 114) (44 115) (45 120) (45 124) (46 126)
    (47 127) (48 128) (49 131) (49 135) (50 137) (51 138) (52 86) (52 17)
    (52 19) (52 93) (52 24) (53 15) (53 125) (53 100) (54 80) (55 78)
    (56 50) (57 140) (58 134) (59 89) (59 91) (59 75) (60 142) (62 103)
    (63 143) (64 144) (65 141) (66 141) (67 145) (68 146) (68 147) (69 149)
    (69 150) (70 10) (71 153) (71 154) (72 155) (73 158) (74 159) (75 161)
    (76 163) (77 166) (78 167) (79 168) (80 169) (81 171) (82 172) (83 173)
    (84 175) (85 177) (85 180) (86 184) (86 188) (87 192) (87 194) (88 195)
    (89 199) (90 200) (91 201) (92 202) (93 207) (94 166) (95 210) (96 213)
    (97 173) (98 216) ("P" 219) ("h" 4) ("l" 17) ("t" 17) (15 221)))
  exports (nil) (nil)
  ((109
    (((89 21) (89 8 18) (35 1 2 3 4 5 7 8 49 54 93 115 214 222) (6 486)
      (18 25 31 35 50 51 54 56 58 63 64 65 96 101 104 105 133 154) (131 13)
      (132 31 32 35 36 37 42 53 55 57 59 61 63 65 66 67 68 69 76 81 82)
      (82 0 17) (50 173) (0 17 33 40 178 315 742 743) (5 246) (8 132)
      (133 39) (134 0 3 6 7) (12 7) (1 4 65) (3 64 95 197 351 443 652 678)
      (38 3)) "DISK_THM") (2 0 1 255 135 136 137 138 139 140 141 142 143)
    ("%7U142%117U62U61U62U61U61U62U98U63%117U62U62U61U61U61U61U98U63%117U62U61U62U62U61U62U98U63%117U62U61U62U61U62U98U63%117U62U61U61U61U61U61U98U63%117U62U62U61U62U61U61U98U63%117U62U61U62U62U62U61U98U63%117U62U61U62U62U61U62U98U63%117U62U61U61U61U61U61U98U63%117U62U61U61U62U61U61U98U63%117U62U61U61U61U62U61U98U63%117U62U62U61U61U61U62U98U63%117U62U62U61U62U61U62U98U63%117U62U62U61U62U62U61U98U63%117U62U62U61U61U62U62U98U63%117U62U61U61U62U62U61U98U63%117U62U61U61U61U61U61U98U63%117U62U61U61U61U62U98U63%90B65B65B65B65B65B65B65B65B65B65B65B65B65B65B65B65B65B65U127U116B134%117U61U62U61U62U61U98U128U75U85U114B54%47%24U143B48B46%24%7B125%117U62U61U62U61U62U61U98U63%117U62U61U62U61U61U61U98U63%117U62U61U62U62U62U62U98U63%117U62U62U61U61U61U61U98U63%117U62U62U61U61U62U62U98U63%117U62U61U61U62U62U61U98U63%117U62U61U61U62U61U62U98U63%90B65B65B65B65B65B65B65U127%117U62U61U62U61U61U62U98U63%117U62U62U61U61U61U61U98U63%117U62U61U62U62U61U62U98U63%117U62U61U62U61U62U98U63%117U62U61U61U61U61U61U98U63%117U62U62U61U62U61U61U98U63%117U62U61U62U62U62U61U98U63%117U62U61U62U62U61U62U98U63%117U62U61U61U61U61U61U98U63%117U62U61U61U62U61U61U98U63%117U62U61U61U61U62U61U98U63%117U62U62U61U61U61U62U98U63%117U62U62U61U62U61U62U98U63%117U62U62U61U62U62U61U98U63%117U62U62U61U61U62U62U98U63%117U62U61U61U62U62U61U98U63%117U62U61U61U61U61U61U98U63%117U62U61U61U61U62U98U63%90B65B65B65B65B65B65B65B65B65B65B65B65B65B65B65B65B65B65U127U116U74B73%117U61U61U61U98U128U75U84%91B66B66%117U62U61U62U61U61U62U98U63%117U62U62U61U61U61U61U98U63%117U62U61U62U62U61U62U98U63%117U62U61U62U61U62U98U63%117U62U61U61U61U61U61U98U63%117U62U62U61U62U61U61U98U63%117U62U61U62U62U62U61U98U63%117U62U61U62U62U61U62U98U63%117U62U61U61U61U61U61U98U63%117U62U61U61U62U61U61U98U63%117U62U61U61U61U62U61U98U63%117U62U62U61U61U61U62U98U63%117U62U62U61U62U61U62U98U63%117U62U62U61U62U62U61U98U63%117U62U62U61U61U62U62U98U63%117U62U61U61U62U62U61U98U63%117U62U61U61U61U61U61U98U63%117U62U61U61U61U62U98U63%90B65B65B65B65B65B65B65B65B65B65B65B65B65B65B65B65B65B65U127%117U62U61U62U61U61U62U98U63%117U62U62U61U61U61U61U98U63%117U62U61U62U62U61U62U98U63%117U62U61U62U61U62U98U63%117U62U61U61U61U61U61U98U63%117U62U62U61U62U61U61U98U63%117U62U61U62U62U62U61U98U63%117U62U61U62U62U61U62U98U63%117U62U61U61U61U61U61U98U63%117U62U61U61U62U61U61U98U63%117U62U61U61U61U62U61U98U63%117U62U62U61U61U61U62U98U63%117U62U62U61U62U61U62U98U63%117U62U62U61U62U62U61U98U63%117U62U62U61U61U62U62U98U63%117U62U61U61U62U62U61U98U63%117U62U61U61U61U61U61U98U63%117U62U61U61U62U61U98U63%90B65B65B65B65B65B65B65B65B65B65B65B65B65B65B65B65B65B65U127%92B67B67B129%91B66@%24U122%117U61U62U61U62U61U98U128U75U85%94B69U112B45B55B56"))
   (110 (((89 1) (0 734)) "DISK_THM")
    (1 0 1 16 135 136 137 138 139 140 141 142 143)
    ("%24%7%22$2$1B149%91@$0@$2$1B125$0%91B66@B55|U34|U40|U41%24%7%11%21%22$4$3B149$2$1B66@$0@$4$4$3B125$2%91B66@B126%25%27$0%33$2$6B149$4@$3@|B144%8$2$0U108B45|@||B138B55|U34|U35|U34|U40|U41B46"))
   (111 (((89 2))) (1 0 1 27 135 136 137 138 139 140 141 142 143)
    ("%9%22$1$0B148%11%20$1%100$0B44%93B68B88||$0B72$1@B49|U34|U35"))
   (112 (((89 10))) (1 0 1 104 135 136 137 138 139 140 141 142 143)
    ("%24%7%6%9$3$2B146$1@$0@$3$2B125$0@%25%27$0%33$5U141$4B121$0@$2%111U106U108B45B136%30$3$0%94B69U112B45|@|B144%8$2$0U108B45|@||B138B55|U35|U39|U40|U41"))
   (113 (((89 8))) (1 0 1 74 135 136 137 138 139 140 141 142 143)
    ("%24%7%9$2$1B145$0@$2$2$1B125$0@B126%25%28$0%33$0U124$2%111U106U108B45B135%26$0%5%3$5U143%47B52$5%110U106U108B45B64$5U122$1B125$0%91B66@2||B137|@|B144%8$2$0U108B45|@||B138B55|U35|U40|U41"))
   (114
    (((89 11) (35 536) (18 14 25 27 35 52 56 58 63 105 128)
      (0 38 40 41 82 84 95 242) (26 1) (144 728) (3 392 414 726))
     "DISK_THM") (2 0 1 114 135 136 137 138 139 140 141 142 143)
    ("%18%32%0$2U79$1U80B52%4%19B140%102$2B87@$1@$0@$2$1B43U119U105$0B59U89B51B56|U37|U38|U36"))
   (115
    (((89 19) (89 6) (18 25 50 52 56 58 105 128 133 154) (131 13) (82 17)
      (0 33 38 41 242) (12 7) (1 4 8 65) (3 64 197 364 669 678))
     "DISK_THM") (2 0 1 236 135 136 137 138 139 140 141 142 143)
    ("%7U142%12B134%13U114B54%24%7B125%95%12U74U107%23U74U107%91B66B66B130%117U62U61U62U62U61U62U98U63%117U62U61U61U62U62U61U98U63%117U62U61U61U62U62U62U98U63%117U62U62U61U62U61U62U98U63%90B65B65B65B65U127%117U62U62U61U61U62U62U98U63%117U62U61U62U61U62U61U98U63%117U62U61U62U61U61U61U98U63%117U62U61U62U61U61U62U98U63%117U62U62U61U62U61U62U98U63%90B65B65B65B65B65U127%92B67B67@%91B66@%24%13U109U108B45B55B56"))
   (116
    (((89 20) (89 10 16) (6 486) (18 25 50 51 54 56 58 63 105) (82 17)
      (50 173) (0 33 40 178 315 742 743) (5 246) (134 0 3 6 7) (12 7)
      (1 4 65) (3 197 364 374 652 678) (38 3)) "DISK_THM")
    (2 0 1 245 135 136 137 138 139 140 141 142 143)
    ("%24%7B125%95%117U61U98U128U75U84%117U62U98U128U75U84%117U61U61U98U128U75U84%91B66B66B66B130%117U62U61U62U62U61U62U98U63%117U62U61U61U62U62U61U98U63%117U62U61U61U62U62U62U98U63%117U62U62U61U62U61U62U98U63%90B65B65B65B65U127%117U62U61U62U62U62U61U98U63%117U62U61U62U61U62U61U98U63%117U62U61U61U62U61U62U98U63%117U62U61U61U62U61U62U98U63%117U62U61U62U62U61U62U98U63%117U62U61U61U62U62U61U98U63%90B65B65B65B65B65B65U127%117U62U62U61U61U62U62U98U63%117U62U61U62U61U62U61U98U63%117U62U61U62U61U61U61U98U63%117U62U61U62U61U61U62U98U63%117U62U62U61U62U61U62U98U63%90B65B65B65B65B65U127%92B67B67B67@%91B66@%24%97%117U61U98U128U75U85%117U62U98U128U75U85%117U61U61U98U128U75U85%94B69B69B69B71%94B69U112B45B55"))
   (117 (((89 0))) (1 0 1 11 135 136 137 138 139 140 141 142 143)
    ("%9%22$1$0B131%11%20%96$1B83$0@||$0B72$1@B49|U34|U35"))
   (118
    (((89 3) (89 0 1) (18 14 25 35 56) (82 14 17) (0 45 82) (8 99) (12 7)
      (1 5 65) (145 0)) "DISK_THM")
    (2 0 1 32 135 136 137 138 139 140 141 142 143)
    ("%9%24%7%22$2$1B125$3$0B131%91B66@$2$1B149$3@$0@B55|U34|U40|U41|U35"))
   (119 (((89 6))) (1 0 1 60 135 136 137 138 139 140 141 142 143)
    ("%6%9%18$2$1B130$0@%95$1U103B70%95%102$0U104B87B101$2%14$0U116U74|$0B86B70B44%93B68B88B49|U36|U35|U39"))
   (120
    (((89 16) (89 6 10 11 12 14 15) (6 465)
      (18 25 50 52 54 55 56 58 63 93 95 101 105 114 128 133 154) (131 13)
      (82 17) (146 43) (147 0 1 2 4 5) (0 33 41 94 100 244 247)
      (148 2 6 7 11 17) (12 7) (1 4 5 8 65) (144 131 416)
      (3 64 197 364 374 392 414 415 677 678 724)) "DISK_THM")
    (2 0 1 168 135 136 137 138 139 140 141 142 143)
    ("%18U58%18U79%9U78B52%7U141%6B123%9U78@B46B46%24%7B125%6%9B130%18@%91B66@%24%7B146%6@%9@B55B56"))
   (121 (((89 7))) (1 0 1 67 135 136 137 138 139 140 141 142 143)
    ("%9%18$1$0B129%95$1U103B70%95%102$0U104B87B101%99%14$0U116U74|$0B86B60B44%93B68B88B49|U36|U35"))
   (122
    (((89 18) (89 7 8 11 12 14 17) (6 314 465)
      (18 25 50 52 54 55 56 58 63 93 95 101 105 114 128 133 154) (131 13)
      (82 14 17) (146 43) (147 0 1 2 4 5) (0 33 41 94 100 244 247)
      (148 2 6 7 11 17) (12 7) (1 4 5 8 65) (144 131 416)
      (3 17 25 64 197 364 374 392 414 415 677 678 724)) "DISK_THM")
    (2 0 1 212 135 136 137 138 139 140 141 142 143)
    ("%18U58%18U79%9U78B52B46%24%7B125%9%18B129%91B66@%24%7B145%9@B55B56"))
   (123 (((89 5) (89 3 4) (18 25 56)) "DISK_THM")
    (2 0 1 53 135 136 137 138 139 140 141 142 143)
    ("%24%7B125%9%22B131%91B66@%24%7B125%9%22B148%91B66@B55"))
   (124
    (((89 13) (18 14 25 27 35 50 52 56 58 63 105 128) (82 17) (146 46)
      (0 38 41 82 84 191 743) (12 7) (1 4 65) (3 197 678)) "DISK_THM")
    (2 0 1 130 135 136 137 138 139 140 141 142 143)
    ("%18%32%24%7%16%30$2U142$1U116B134$0U114B54||$3B82$2@$1$0B125%16$0U116U74|$3B86@$1$2U112B45B55B56|U40|U41|U38|U36"))
   (125
    (((89 4) (89 1 2) (6 465) (18 14 25 35 50 54 56 58 63 105 114 133 154)
      (82 14 17) (0 41 45 82 315) (133 25 26) (1 5 8 65)
      (3 392 414 415 724) (145 0)) "DISK_THM")
    (2 0 1 42 135 136 137 138 139 140 141 142 143)
    ("%9%24%7%22$2$1B125$3$0B148%91B66@$2$1B149$3@$0@B55|U34|U40|U41|U35"))
   (126
    (((89 15) (89 13) (18 25 56 58 63 105 133 154) (82 17) (0 100 244)
      (1 65) (144 131 419) (3 197)) "DISK_THM")
    (2 0 1 153 135 136 137 138 139 140 141 142 143)
    ("%16%30%7U142$1U116B134$0U114B54||%18B82%32@%7U141%6B123%18U79@B46%24%7B125%6%16$0U116U74|%18B86B70%91B66@%7U141%6B121%32@%24%111U106U108B45B136%30%24$0%94B69U112B45|@B55B56"))
   (127
    (((89 14) (149 41)
      (18 2 15 25 26 50 52 54 55 56 58 63 74 75 84 93 95 99 101 105 128)
      (147 0 1 2 4 5) (0 196 225 232 235) (133 54 61)
      (148 1 2 11 12 13 17 18) (12 119) (1 8 9)) "DISK_THM")
    (2 0 1 140 135 136 137 138 139 140 141 142 143)
    ("%17U57%17U76%31U77B52B46%15%29%17%31B42U118U120%2B132$1U115B133$0U113B53||%17B81%31@B56"))
   (128
    (((89 12) (6 465) (18 14 25 35 50 56 58 63)
      (0 38 41 82 94 95 158 242 243 743)) "DISK_THM")
    (2 0 1 124 135 136 137 138 139 140 141 142 143)
    ("%18%102$0B87U139$0U104B50|U36"))
   (129
    (((89 17) (89 13) (6 314) (18 25 56 58 63) (82 17) (0 244) (1 65)
      (144 131 419) (3 17 25 197)) "DISK_THM")
    (2 0 1 194 135 136 137 138 139 140 141 142 143)
    ("%16%30%7U142$1U116B134$0U114B54||%18B82%32@%24%7B125%99%16$0U116U74|%18B86B60%91B66@%32U124%24%111U106U108B45B135%26$0%5%3%24U143%47B52%24%110U106U108B45B64%24U122$1B125$0%91B66@2||B137|@B55B56"))
   (130
    (((89 9) (105 0) (89 8) (18 25 50 56) (82 14 17) (146 45) (0 33)
      (1 4 5 65) (3 197 677 678)) "DISK_THM")
    (2 0 1 88 135 136 137 138 139 140 141 142 143)
    ("%24%7B145%10%1%91B66B66@%24%7B147%10@%1@B55"))))
 (incorporate (incorporate-types) incorporate-consts
  ("sml_sequence_list_reference" . 216) ("sml_sequence_list_derived" . 173)
  ("sml_con_ltr_reference" . 210) ("sml_application_ltr_reference" . 166)
  ("lower_sml_sequence_list" . 173) ("lower_sml_con_ltr" . 172)
  ("lower_sml_application_ltr" . 171))
 (loadable-thydata
  ("userdef.deltas" (tag-knm 89 . 117) (tag-knm 89 . 117)
   (tag-knm 89 . 110) (tag-knm 89 . 110) (tag-knm 89 . 111)
   (tag-knm 89 . 111) (tag-knm 89 . 119) (tag-knm 89 . 119)
   (tag-knm 89 . 121) (tag-knm 89 . 121) (tag-knm 89 . 113)
   (tag-knm 89 . 113) (tag-knm 89 . 112) (tag-knm 89 . 112))
  ("grammardelta" (OO "lower_sml_sequence_list" (tag-tm . "%131"))
   (OO "sml_sequence_list_reference" (tag-tm . "%149"))
   (OO "sml_sequence_list_derived" (tag-tm . "%148"))
   (OO "lower_sml_con_ltr" (tag-tm . "%130"))
   (OO "lower_sml_application_ltr" (tag-tm . "%129"))
   (OO "sml_application_ltr_reference" (tag-tm . "%145"))
   (OO "sml_con_ltr_reference" (tag-tm . "%146")))
  ("grammar" "hol" "evaluate" "semanticPrimitives" "ast" "namespace"
   "evaluateProps" "namespaceProps" "Hol4SmlApplication" "list" "rich_list"
   "alist")
  ("compute" (tag-knm 89 . 117) (tag-knm 89 . 110) (tag-knm 89 . 111)
   (tag-knm 89 . 119) (tag-knm 89 . 121) (tag-knm 89 . 113)
   (tag-knm 89 . 112))
  ("DefnBase.indn.deltas"
   ((tag-th ("Hol4SmlOrder" 23 (("bool" 26) ("list" 82)) ("DISK_THM"))
     ("%150%24%7%22$2$1b3%91@$0@|U34|U40|U41%153%151%24%7%22%24%7%22$2$1b8$7@$0@|U34|U40|U41$2$1b5$3$4B66@$0@B56|U34|U40|U41|U34|U35B46%24%7%152%22$3$2b4$1@$0@|U34|U35|U40|U41B56|U154")
     "Hol4SmlOrder" 0) (tag-tm . "%149")))))
