(theory
 ("Hol4SmlMacro"
  ("namespaceProps" . "f04ac2fc4fc3979bb19890c1c813e3918983500d")
  ("evaluate" . "8f0710895616b776607895cfa0806a678d817f9e"))
 (core-data
  (tables
   (string-table "mlstring" "ast" "exp" "namespace" "pair" "prod"
    "semanticPrimitives" "stamp" "num" "list" "pat" "sem_env" "v"
    "error_result" "id" "store_v" "state" "result" "bool" "!" "min" "fun"
    "," "/\\" "0" "=" "eq_result" "option" "==>" "APPEND" "App" "op"
    "arithmetic" "BIT1" "BIT2" "string" "CHR" "char" "COND" "CONS"
    "Closure" "Con" "Eq_val" "FST" "Fun" "HD" "Ident" "combin" "K" "Let"
    "MAP" "Mat" "NIL" "NONE" "NUMERAL" "Opapp" "Pany" "Rabort" "abort"
    "Raise" "Rerr" "Rraise" "Rtimeout_error" "Rtype_error" "Rval" "SOME"
    "Short" "T" "ZERO" "bind_exn_v" "can_pmatch_all" "evaluate" "dec_clock"
    "do_eq" "evaluate_match" "fix_clock" "implode" "Hol4SmlMacro"
    "lower_sml_match" "lower_sml_multifn" "lower_sml_multifn_application"
    "nsBind" "nsLookup" "pair_CASE" "recordtype.sem_env.seldef.c"
    "recordtype.sem_env.seldef.v" "recordtype.sem_env.seldef.v_fupd"
    "recordtype.state.seldef.clock" "recordtype.state.seldef.refs"
    "result_CASE" "sml_match_reference" "sml_sequence_reference"
    "sml_sequence_reference_def" "sml_match_reference_def"
    "matched_body_bind_is_preserved" "lower_sml_sequence_correct"
    "lower_sml_multifn_def" "lower_sml_multifn_closure"
    "lower_sml_multifn_application_def"
    "lower_sml_multifn_application_correct" "lower_sml_match_def"
    "lower_sml_match_correct" "evaluate_match_fallback"
    "can_pmatch_all_fallback" "cakeml_function_equality"
    "cakeml_empty_match_raises_bind" "" "workspace" "scratch"
    "7755a98cf62b" "integrated-proof-evidence" "run-uOJLQoQg" "macros"
    "build-AbCNtsbl" "Hol4SmlMacroScript.sml" "namespaceProps"
    "folMappingContext" "normalFormsContext")
   (id-table (0 . 0) (1 . 2) (3 . 3) (4 . 5) (6 . 7) (8 . 8) (9 . 9)
    (1 . 10) (6 . 11) (6 . 12) (6 . 13) (3 . 14) (6 . 15) (6 . 16) (6 . 17)
    (18 . 19) (20 . 21) (20 . 18) (4 . 22) (18 . 23) (8 . 24) (20 . 25)
    (6 . 26) (27 . 27) (20 . 28) (9 . 29) (1 . 30) (1 . 31) (32 . 33)
    (32 . 34) (35 . 36) (35 . 37) (18 . 38) (9 . 39) (6 . 40) (1 . 41)
    (6 . 42) (4 . 43) (1 . 44) (9 . 45) (1 . 46) (47 . 48) (1 . 49)
    (9 . 50) (1 . 51) (9 . 52) (27 . 53) (32 . 54) (1 . 55) (1 . 56)
    (6 . 57) (6 . 58) (1 . 59) (6 . 60) (6 . 61) (6 . 62) (6 . 63) (6 . 64)
    (27 . 65) (3 . 66) (18 . 67) (32 . 68) (6 . 69) (6 . 70) (71 . 72)
    (6 . 73) (71 . 71) (71 . 74) (71 . 75) (0 . 76) (77 . 78) (77 . 79)
    (77 . 80) (3 . 81) (3 . 82) (4 . 83) (6 . 84) (6 . 85) (6 . 86)
    (6 . 87) (6 . 88) (6 . 89) (77 . 90) (77 . 91))
   (type-table (0) (1) (4) (5) (3 3 2) (2 0 0 4) (7) (3 6 1) (6 7) (9)
    (8 9) (10 9) (11 0 0) (6 6) (12 9) (6 14) "'a" (13 16) (6 9) (14 18 9)
    (17) (16 1 20) (16 21 20) (16 12 20) (16 23 20) (16 8 20) (16 25 20)
    (16 0 20) (16 27 20) (16 10 20) (16 29 20) (16 17 20) (16 31 20)
    (16 9 20) (16 33 20) (16 1 7) (16 6 35) (3 17 19) (16 19 37) (16 17 38)
    (16 20 20) (16 20 40) (22) (16 42 20) (16 42 43) (16 1 21) (16 3 20)
    (16 3 46) (23 9) (16 48 20) (16 48 49) (16 37 20) (16 37 51) (16 13 13)
    (16 13 53) (16 8 8) (16 8 55) (6 1) (16 57 1) (27) (16 59 58) (16 3 3)
    (31) (16 3 62) (16 37 37) (16 37 64) (16 20 65) (6 62) (16 67 67)
    (16 62 68) (16 57 57) (16 1 70) (16 6 53) (16 7 55) (16 18 18)
    (16 9 74) (16 1 9) (16 0 76) (16 10 77) (23 12) (16 79 58) (16 20 42)
    (16 7 6) (16 1 1) (16 0 83) (16 18 9) (16 12 1) (2 0 0 9) (16 87 87)
    (16 87 88) (16 1 83) (23 0) (16 91 90) (16 8 13) (16 82 93) (16 8 1)
    (16 1 95) (51) (16 97 11) (16 11 19) (16 9 11) (16 18 19) (16 12 79)
    (16 9 48) (16 0 12) (16 13 33) (16 15 105) (16 5 106) (16 17 17)
    (16 9 42) (16 9 109) (16 57 37) (16 10 111) (16 17 112) (16 9 37)
    (16 8 114) (16 9 115) (16 10 116) (16 17 117) (16 17 64) (16 67 0)
    (16 8 86) (16 1 121) (16 0 121) (16 12 86) (16 8 124) (16 0 125)
    (16 9 88) (16 0 127) (16 12 48) (16 87 129) (16 39 37) (16 37 131)
    (16 10 5) (16 10 87) (16 10 10) (16 88 135) (16 17 3) (16 17 15)
    (16 11 37) (16 139 37) (16 18 37) (16 141 140) (16 19 142) (16 1 115)
    (16 10 144) (16 17 145) (16 1 37) (16 1 147) (16 10 148) (16 17 149))
   (term-table ("arg" 0) ("arg1" 0) ("arg2" 0) ("body1" 1) ("body2" 1)
    ("c" 5) ("clauses" 8) ("e1" 1) ("e2" 1) ("env" 10) ("env1" 10)
    ("env2" 10) ("err" 11) ("match_id" 12) ("match_value" 9) ("ps" 13)
    ("refs" 15) ("scrut" 1) ("st" 17) ("st'" 17) ("v1" 19) ("value" 9)
    ("value_id" 12) ("vs" 18) (15 22) (15 24) (15 26) (15 28) (15 30)
    (15 32) (15 34) (18 36) (18 39) (19 41) (20 3) (21 41) (21 44) (21 45)
    (21 47) (21 50) (21 52) (24 41) (25 54) (25 56) (26 60) (28 61) (29 61)
    (30 63) (32 66) (33 69) (33 71) (33 72) (33 73) (33 75) (34 78) (35 80)
    (36 81) (37 82) (38 84) (39 85) (40 86) (41 89) (42 92) (43 94) (44 96)
    (45 67) (45 57) (45 13) (45 8) (45 18) (46 91) (47 61) (48 59) (49 6)
    (50 98) (52 83) (53 99) (54 100) (55 97) (56 97) (57 101) (58 102)
    (58 103) (59 104) (60 20) (61 3) (62 9) (63 107) (64 108) (65 110)
    (66 113) (67 118) (68 119) (69 120) (70 122) (71 123) (72 126) (73 128)
    (74 130) (75 132) (76 133) (77 134) (78 136) (79 137) (80 138) (81 143)
    (82 146) (83 150))) exports (nil) (nil)
  ((92 (((77 3))) (1 0 1 28 106 107 108 109 110 111 112 113 114)
    ("%18%9%7%8$3$2B107$1@$0@$3$3$2B90$1%66B50@B92%19%20$0%23$2$5B90$3%66B50@|B105%12$2$0U76B32|@||B99B40|U24|U24|U28|U29"))
   (93 (((77 0))) (1 0 1 8 106 107 108 109 110 111 112 113 114)
    ("%18%9%17%6%14$4$3B106$2@$1@$0@$4$4$3B90$2%66B50@B92%19%20$0%23$6U100$2U104B87%57$4B63@$0U59@$2$6B91$0U59@$4@$3@B48$2%79U74U76B32@|B105%12$2$0U76B32|@||B99B40|U30|U26|U24|U28|U29"))
   (94
    (((77 13) (1 465) (18 25 56 58 105 133 154) (47 13) (71 17)
      (9 40 242 315) (115 25 26) (4 65) (6 64 197 392 414)) "DISK_THM")
    (2 0 1 123 106 107 108 109 110 111 112 113 114)
    ("%18%9B91%21@%73%85U45U45U45U45U46U46U71U47%85U46U45U46U45U46U45U71U47%85U46U45U46U46U46U46U71U47%85U46U45U45U46U45U46U71U47%65B49B49B49B49U93U83U81%66B55U75B31%73%13U60U75B31%68B52B52@%86@%18%9B91%21@%73%85U45U45U45U45U46U46U71U47%85U46U45U46U45U46U45U71U47%85U46U45U46U46U46U46U71U47%85U46U45U45U46U45U46U71U47%65B49B49B49B49U93U83U81%66B55U75B31%68B52@%14@B40"))
   (95
    (((77 10) (77 3) (18 25 50 56) (47 13) (71 14 17) (3 99) (27 7)
      (6 64 69)) "DISK_THM") (2 0 1 98 106 107 108 109 110 111 112 113 114)
    ("%18%9B90%70%7B62%8@%66B50@%18%9B107%7@%8@B40"))
   (96 (((77 2))) (1 0 1 23 106 107 108 109 110 111 112 113 114)
    ("%0%6%13$2$1B95$0@$2$2U83U60$1B94$0@B58B37|U25|U26|U27"))
   (97
    (((77 7) (77 2) (18 25 50 56 63) (71 17) (9 743) (4 4) (6 652 678))
     "DISK_THM") (2 0 1 66 106 107 108 109 110 111 112 113 114)
    ("%18%9B90%0%6B95%13@%66B50@%18%9%0B54%0U83U60%6B94%13@2%69B53U80B32B40"))
   (98 (((77 8))) (1 0 1 74 106 107 108 109 110 111 112 113 114)
    ("%0%6%13%22$3$2B96$1@$0@%72$3$2B95$1@$0U60%66B50B50B44B37|U25|U25|U26|U27"))
   (99
    (((77 9) (77 2 6 8) (1 314) (18 25 29 50 56 63 64 154) (47 13) (71 17)
      (9 17 33 38 242) (27 7 119) (4 4 65) (6 17 25 64 95 197 443 669 678))
     "DISK_THM") (2 0 1 82 106 107 108 109 110 111 112 113 114)
    ("%9U101%22B98%21U82B39%0%21B97%9U101@%13B98%14U82B39B33%18%9B90%0%6B96%13@%22@%66B50@%18U103%34B38%18%78U74U76B32B48%18U88%0%21B97%9U101@U61%9B102B106%0U83U60@%6@%14@2B40B41"))
   (100 (((77 1))) (1 0 1 18 106 107 108 109 110 111 112 113 114)
    ("%17%6%13$2$1B94$0@$2$1%73$0U60U75B31%68B52B43B64B37|U25|U26|U24"))
   (101
    (((77 6) (77 0 1 4 5) (18 25 29 50 55 56 58 63 64 95 101 105 133 154)
      (71 14 17) (116 0 1 2 4 5) (9 41 97) (117 11) (4 4 5 8 65)
      (6 197 669 677 678)) "DISK_THM")
    (2 0 1 54 106 107 108 109 110 111 112 113 114)
    ("%9U101%13B98%14U82B39%18%9B90%17%6B94%13@%66B50@%18%9B106%17@%6@%14@B40B41"))
   (102
    (((77 5) (1 465) (18 14 25 50 52 56 58 105 128 133 154) (47 13) (71 17)
      (9 33 38 82 315) (115 25 26) (27 7 119) (4 4 5 65)
      (6 64 197 392 414 669 678)) "DISK_THM")
    (2 0 1 42 106 107 108 109 110 111 112 113 114)
    ("%9U101%13B98%14U82B39%18%9B91%21@%6%73%13U60U75B31%68B52B43@%86@%18%9B91%21@%6@%14@B40B41"))
   (103
    (((77 4) (18 14 25 35 50 54 56 58 63 114) (9 38 82) (6 414 415 724))
     "DISK_THM") (2 0 1 35 106 107 108 109 110 111 112 113 114)
    ("%5%16B87%15%73%67B51B42@%21@%5%16B87%15@%21@B35"))
   (104 (((77 11) (18 25 63) (6 442 734)) "DISK_THM")
    (2 0 1 108 106 107 108 109 110 111 112 113 114)
    ("%10%1B54%3@%11%2B54%4@B89%84U56B36"))
   (105 (((77 12) (18 25 50 56) (71 17) (4 4) (6 669 678)) "DISK_THM")
    (2 0 1 114 106 107 108 109 110 111 112 113 114)
    ("%18%9B91%21@%68@%86@%18%86U77U76B32B40"))))
 (incorporate (incorporate-types) incorporate-consts
  ("sml_sequence_reference" . 150) ("sml_match_reference" . 146)
  ("lower_sml_multifn_application" . 126) ("lower_sml_multifn" . 123)
  ("lower_sml_match" . 122))
 (loadable-thydata
  ("userdef.deltas" (tag-knm 77 . 93) (tag-knm 77 . 93) (tag-knm 77 . 100)
   (tag-knm 77 . 100) (tag-knm 77 . 96) (tag-knm 77 . 96) (tag-knm 77 . 92)
   (tag-knm 77 . 92) (tag-knm 77 . 98) (tag-knm 77 . 98))
  ("grammardelta" (OO "sml_match_reference" (tag-tm . "%106"))
   (OO "lower_sml_match" (tag-tm . "%94"))
   (OO "lower_sml_multifn" (tag-tm . "%95"))
   (OO "sml_sequence_reference" (tag-tm . "%107"))
   (OO "lower_sml_multifn_application" (tag-tm . "%96")))
  ("grammar" "hol" "evaluate" "semanticPrimitives" "ast" "namespace"
   "namespaceProps")
  ("compute" (tag-knm 77 . 93) (tag-knm 77 . 100) (tag-knm 77 . 96)
   (tag-knm 77 . 92) (tag-knm 77 . 98))))
