(theory
 ("Hol4SmlMacroQualification"
  ("Hol4SmlMacro" . "8e0c8557f3df54969431da6f8cfe6d61e1366ac2")
  ("HolSmt" . "638affacc420f3dea3140691336e3dbb2d9414e9"))
 (core-data
  (tables
   (string-table "list" "pair" "prod" "ast" "exp" "pat" "num"
    "semanticPrimitives" "sem_env" "v" "state" "bool" "!" "min" "fun"
    "arithmetic" "+" "," "result" "-" "/\\" "0" "prim_rec" "<" "=" "option"
    "==>" "APPEND" "App" "op" "BIT1" "BIT2" "string" "CHR" "char" "COND"
    "CONS" "Closure" "mlstring" "Fun" "Ident" "namespace" "id" "IntLit"
    "lit" "integer" "int" "combin" "K" "LENGTH" "Let" "Lit" "Mat" "NIL"
    "NONE" "NUMERAL" "Opapp" "Pany" "Plit" "Rabort" "error_result" "abort"
    "Raise" "Rerr" "Rtimeout_error" "Rval" "SOME" "Short" "ZERO" "evaluate"
    "dec_clock" "implode" "int_of_num" "Hol4SmlMacro" "lower_sml_match"
    "lower_sml_multifn" "lower_sml_multifn_application" "nsBind" "nsLookup"
    "recordtype.sem_env.seldef.v" "recordtype.sem_env.seldef.v_fupd"
    "recordtype.state.seldef.clock" "sml_match_reference"
    "sml_sequence_reference" "z3_clock_step" "tactictoe_clause_count"
    "generated_match_semantics" "generated_match_expansion"
    "generated_fn_expansion" "generated_fn_closure"
    "generated_fn_application_semantics"
    "generated_fn_application_expansion" "egglog_sequence_replay"
    "Hol4SmlMacroQualification" "HolSmt" "Omega" "SubAndCondContext"
    "canonContext" "cooper" "cv" "int_arith" "numeral" "reduce")
   (id-table (0 . 0) (1 . 2) (3 . 4) (3 . 5) (6 . 6) (7 . 8) (7 . 9)
    (7 . 10) (11 . 12) (13 . 14) (13 . 11) (15 . 16) (1 . 17) (7 . 18)
    (15 . 19) (11 . 20) (6 . 21) (22 . 23) (13 . 24) (25 . 25) (13 . 26)
    (0 . 27) (3 . 28) (3 . 29) (15 . 30) (15 . 31) (32 . 33) (32 . 34)
    (11 . 35) (0 . 36) (7 . 37) (38 . 38) (3 . 39) (3 . 40) (41 . 42)
    (3 . 43) (3 . 44) (45 . 46) (47 . 48) (41 . 41) (0 . 49) (3 . 50)
    (3 . 51) (3 . 52) (0 . 53) (25 . 54) (15 . 55) (3 . 56) (3 . 57)
    (3 . 58) (7 . 59) (7 . 60) (7 . 61) (3 . 62) (7 . 63) (7 . 64) (7 . 65)
    (25 . 66) (41 . 67) (15 . 68) (69 . 70) (69 . 69) (38 . 71) (45 . 72)
    (73 . 74) (73 . 75) (73 . 76) (41 . 77) (41 . 78) (7 . 79) (7 . 80)
    (7 . 81) (73 . 82) (73 . 83))
   (type-table (2) (3) (1 1 0) (0 2) (4) (6) (5 5) "'a" (7 7) (10) (9 3 9)
    (9 10 9) (9 4 9) (9 12 9) (9 4 4) (9 4 14) (9 0 2) (9 1 16) (0 5)
    (13 18 5) (1 8 19) (9 19 20) (9 8 21) (9 9 9) (9 9 23) (9 4 12) (9 0 9)
    (9 0 26) (19 5) (9 28 9) (9 28 29) (9 20 9) (9 20 31) (9 3 3) (9 3 33)
    (0 0) (9 35 0) (23) (9 37 36) (27) (9 4 39) (9 20 20) (9 20 41)
    (9 9 42) (0 39) (9 44 44) (9 39 45) (9 35 35) (9 0 47) (9 2 33)
    (9 18 18) (9 5 50) (9 0 5) (31) (9 53 52) (9 6 54) (9 0 0) (9 53 56)
    (34 53 53) (9 58 0) (36) (37) (9 61 60) (39 53 53 5) (9 63 63)
    (9 63 64) (9 3 4) (9 0 56) (19 53) (9 68 67) (9 60 0) (9 3 0) (9 0 71)
    (9 60 1) (51 5) (52) (9 75 74) (9 74 19) (9 18 19) (9 5 28) (9 53 58)
    (9 8 8) (9 35 20) (9 6 82) (9 8 83) (9 44 53) (9 4 61) (9 3 59)
    (9 0 87) (9 53 87) (9 58 59) (9 3 90) (9 53 91) (9 5 64) (9 53 93)
    (9 58 28) (9 63 95) (9 6 63) (9 6 6) (9 64 98) (9 8 4) (9 5 20)
    (9 3 101) (9 0 102) (9 6 103) (9 8 104) (9 0 20) (9 0 106) (9 6 107)
    (9 8 108))
   (term-table ("clauses" 3) ("clock" 4) ("e1" 0) ("e2" 0) ("env" 6)
    ("match_value" 5) ("st" 8) ("value" 5) (8 11) (8 13) (11 15) (12 17)
    (12 22) (14 15) (15 24) (16 4) (17 25) (18 27) (18 25) (18 30) (18 32)
    (20 24) (21 34) (22 38) (24 14) (25 14) (26 40) (28 43) (29 46) (29 48)
    (29 49) (29 51) (30 55) (32 57) (33 59) (35 62) (38 65) (40 66) (41 69)
    (42 70) (43 72) (44 44) (44 35) (44 3) (44 18) (45 68) (46 14) (47 37)
    (48 1) (49 73) (50 76) (53 56) (54 77) (55 75) (56 78) (57 79) (58 80)
    (59 4) (60 81) (61 84) (62 85) (63 86) (64 88) (65 89) (66 92) (67 94)
    (68 96) (69 97) (70 99) (71 100) (72 105) (73 109))) exports (nil)
  (nil)
  ((84
    (((93 7) (94 13 16 31 35 40 60 68 97 136 150 159 332 333)
      (95 85 86 87 88 90 94 95 96 98 99 100 109) (96 0)
      (15 1 2 3 4 5 7 8 28 29 49 54 68 93 115 215 218 222 330)
      (11 8 13 14 25 26 27 29 31 35 36 41 42 50 51 52 54 56 58 63 64 93 96
       101 104 105 107 108 109) (97 4 7 9 12 20 21) (98 2 3 4 5 8 10 17 24)
      (99 31 32 35 36 37 42 53 55 57 59 61 63 65 66 67 68 69 76)
      (100 9 10 34 37 54 61 62 63 64 65 66)
      (45 59 62 63 64 71 79 80 82 83 84 92 93 95 97 99 149 164 168 169 170
       173 217 218 219 232 234 274 286 352 356 358 367 369 373 375)
      (101 3 5 6 7 8 16 17 21 34 35 40 41) (102 1 2)) "DISK_THM") (2 0)
    ("%1%15$0B16$0%57U24U46B13$0B16B21|U9"))
   (85 (((93 8) (15 113) (11 25 56) (0 40 96) (101 3)) "DISK_THM") (2 0)
    ("%0$0%48%57U25U25U24U25U24U24U46U26%57U25U24U25U25U25U24U46U26%57U25U24U25U25U24U25U46U26%57U25U24U24U24U24U24U46U26%57U25U24U25U25U25U24U46U26%57U25U24U24U24U25U24U46U26%57U25U25U24U25U24U25U46U26%57U25U24U24U25U24U24U46U26%57U25U24U25U24U24U25U46U26%57U25U24U24U24U24U24U46U26%57U25U24U24U25U25U24U46U26%57U25U25U25U24U24U25U46U26%57U25U24U24U25U24U24U46U26%57U25U24U24U25U25U24U46U26%57U25U25U24U24U24U25U46U26%57U25U25U24U25U24U25U46U26%57U25U24U25U24U25U24U46U26%57U25U25U24U24U24U24U46U26%57U25U24U25U25U25U25U46U26%41B28B28B28B28B28B28B28B28B28B28B28B28B28B28B28B28B28B28B28U60U56U34U51B11%43B30B22U37$0U37%57U24U46B10B18|U8"))
   (86 (((93 1) (73 6)) "DISK_THM") (2 0)
    ("%4U67%57U25U25U24U25U24U24U46U26%57U25U24U25U25U25U24U46U26%57U25U24U25U25U24U25U46U26%57U25U24U24U24U24U24U46U26%57U25U24U25U25U25U24U46U26%57U25U24U24U24U25U24U46U26%57U25U25U24U25U24U25U46U26%57U25U24U24U25U24U24U46U26%57U25U24U25U24U24U25U46U26%57U25U24U24U24U24U24U46U26%57U25U24U24U25U25U24U46U26%57U25U25U25U24U24U25U46U26%57U25U24U24U25U24U24U46U26%57U25U24U24U25U25U24U46U26%57U25U25U24U24U24U25U46U26%57U25U25U24U25U24U25U46U26%57U25U24U25U24U25U24U46U26%57U25U25U24U24U24U24U46U26%57U25U24U25U25U25U25U46U26%41B28B28B28B28B28B28B28B28B28B28B28B28B28B28B28B28B28B28B28U60U56B66%5U55B19%6%4B59%57U25U25U24U25U24U24U46U26%57U25U25U24U25U25U24U46U26%57U25U24U24U24U25U25U46U26%57U25U24U25U24U25U25U46U26%57U25U24U24U25U25U24U46U26%57U25U24U24U25U24U24U46U26%57U25U25U24U25U24U25U46U26%41B28B28B28B28B28B28B28U60U56U34%15U61U35U49%57U24U25U25U46U61U35U39B11%57U24U46U61U35U49%57U24U25U24U25U46U61U35U39B11%43B30B30B62%57U25U25U24U25U24U24U46U26%57U25U24U25U25U25U24U46U26%57U25U24U25U25U24U25U46U26%57U25U24U24U24U24U24U46U26%57U25U24U25U25U25U24U46U26%57U25U24U24U24U25U24U46U26%57U25U25U24U25U24U25U46U26%57U25U24U24U25U24U24U46U26%57U25U24U25U24U24U25U46U26%57U25U24U24U24U24U24U46U26%57U25U24U24U25U25U24U46U26%57U25U25U25U24U24U25U46U26%57U25U24U24U25U24U24U46U26%57U25U24U24U25U25U24U46U26%57U25U25U24U24U24U25U46U26%57U25U25U24U25U24U25U46U26%57U25U24U25U24U25U24U46U26%57U25U25U24U24U24U24U46U26%57U25U24U25U25U25U25U46U26%41B28B28B28B28B28B28B28B28B28B28B28B28B28B28B28B28B28B28B28U60U56@%42B29@%6%4B70%57U25U25U24U25U24U24U46U26%57U25U25U24U25U25U24U46U26%57U25U24U24U24U25U25U46U26%57U25U24U25U24U25U25U46U26%57U25U24U24U25U25U24U46U26%57U25U24U24U25U24U24U46U26%57U25U25U24U25U24U25U46U26%41B28B28B28B28B28B28B28U60U56U34@%15U61U35U49%57U24U25U25U46U61U35U39B11%57U24U46U61U35U49%57U24U25U24U25U46U61U35U39B11%43B30B30@%5@B20B21"))
   (87 (((93 0) (73 1)) "DISK_THM") (2 0)
    ("%57U25U25U24U25U24U24U46U26%57U25U25U24U25U25U24U46U26%57U25U24U24U24U25U25U46U26%57U25U24U25U24U25U25U46U26%57U25U24U24U25U25U24U46U26%57U25U24U24U25U24U24U46U26%57U25U25U24U25U24U25U46U26%41B28B28B28B28B28B28B28U60U56U34%15U61U35U49%57U24U25U25U46U61U35U39B11%57U24U46U61U35U49%57U24U25U24U25U46U61U35U39B11%43B30B30B62%57U25U25U24U25U24U24U46U26%57U25U24U25U25U25U24U46U26%57U25U24U25U25U24U25U46U26%57U25U24U24U24U24U24U46U26%57U25U24U25U25U25U24U46U26%57U25U24U24U24U25U24U46U26%57U25U25U24U25U24U25U46U26%57U25U24U24U25U24U24U46U26%57U25U24U25U24U24U25U46U26%57U25U24U24U24U24U24U46U26%57U25U24U24U25U25U24U46U26%57U25U25U25U24U24U25U46U26%57U25U24U24U25U24U24U46U26%57U25U24U24U25U25U24U46U26%57U25U25U24U24U24U25U46U26%57U25U25U24U25U24U25U46U26%57U25U24U25U24U25U24U46U26%57U25U25U24U24U24U24U46U26%57U25U24U25U25U25U25U46U26%41B28B28B28B28B28B28B28B28B28B28B28B28B28B28B28B28B28B28B28U60U56@%57U25U25U24U25U24U24U46U26%57U25U25U24U25U25U24U46U26%57U25U24U24U24U25U25U46U26%57U25U24U25U24U25U25U46U26%57U25U24U24U25U25U24U46U26%57U25U24U24U25U24U24U46U26%57U25U25U24U25U24U25U46U26%41B28B28B28B28B28B28B28U60U56U34%15U61U35U49%57U24U25U25U46U61U35U39B11%57U24U46U61U35U49%57U24U25U24U25U46U61U35U39B11%43B30B30%48%57U25U25U24U25U24U24U46U26%57U25U24U25U25U25U24U46U26%57U25U24U25U25U24U25U46U26%57U25U24U24U24U24U24U46U26%57U25U24U25U25U25U24U46U26%57U25U24U24U24U25U24U46U26%57U25U25U24U25U24U25U46U26%57U25U24U24U25U24U24U46U26%57U25U24U25U24U24U25U46U26%57U25U24U24U24U24U24U46U26%57U25U24U24U25U25U24U46U26%57U25U25U25U24U24U25U46U26%57U25U24U24U25U24U24U46U26%57U25U24U24U25U25U24U46U26%57U25U25U24U24U24U25U46U26%57U25U25U24U25U24U25U46U26%57U25U24U25U24U25U24U46U26%57U25U25U24U24U24U24U46U26%57U25U24U25U25U25U25U46U26%41B28B28B28B28B28B28B28B28B28B28B28B28B28B28B28B28B28B28B28U60U56U34U51B11%43B30B22B40B17"))
   (88 (((93 2) (73 1 2)) "DISK_THM") (2 0)
    ("%57U25U25U24U25U24U24U46U26%57U25U25U24U25U25U24U46U26%57U25U24U24U24U25U25U46U26%57U25U24U25U24U25U25U46U26%57U25U24U24U25U25U24U46U26%57U25U24U24U25U24U24U46U26%57U25U25U24U25U24U25U46U26%41B28B28B28B28B28B28B28U60%15U61U35U49%57U24U25U25U46U61U35U39B11%57U24U46U61U35U49%57U24U25U24U25U46U61U35U39B11%43B30B30B63%57U25U25U24U25U24U24U46U26%57U25U24U25U25U25U24U46U26%57U25U24U25U25U24U25U46U26%57U25U24U24U24U24U24U46U26%57U25U24U25U25U25U24U46U26%57U25U24U24U24U25U24U46U26%57U25U25U24U25U24U25U46U26%57U25U24U24U25U24U24U46U26%57U25U24U25U24U24U25U46U26%57U25U24U24U24U24U24U46U26%57U25U24U24U25U25U24U46U26%57U25U25U25U24U24U25U46U26%57U25U24U24U25U24U24U46U26%57U25U24U24U25U25U24U46U26%57U25U25U24U24U24U25U46U26%57U25U25U24U25U24U25U46U26%57U25U24U25U24U25U24U46U26%57U25U25U24U24U24U24U46U26%57U25U24U25U25U25U25U46U26%41B28B28B28B28B28B28B28B28B28B28B28B28B28B28B28B28B28B28B28U60U56@%57U25U25U24U25U24U24U46U26%57U25U25U24U25U25U24U46U26%57U25U24U24U24U25U25U46U26%57U25U24U25U24U25U25U46U26%57U25U24U24U25U25U24U46U26%57U25U24U24U25U24U24U46U26%57U25U25U24U25U24U25U46U26%41B28B28B28B28B28B28B28U60%57U25U25U24U25U24U24U46U26%57U25U25U24U25U25U24U46U26%57U25U24U24U24U25U25U46U26%57U25U24U25U24U25U25U46U26%57U25U24U24U25U25U24U46U26%57U25U24U24U25U24U24U46U26%57U25U25U24U25U24U25U46U26%41B28B28B28B28B28B28B28U60U56U34%15U61U35U49%57U24U25U25U46U61U35U39B11%57U24U46U61U35U49%57U24U25U24U25U46U61U35U39B11%43B30B30%48%57U25U25U24U25U24U24U46U26%57U25U24U25U25U25U24U46U26%57U25U24U25U25U24U25U46U26%57U25U24U24U24U24U24U46U26%57U25U24U25U25U25U24U46U26%57U25U24U24U24U25U24U46U26%57U25U25U24U25U24U25U46U26%57U25U24U24U25U24U24U46U26%57U25U24U25U24U24U25U46U26%57U25U24U24U24U24U24U46U26%57U25U24U24U25U25U24U46U26%57U25U25U25U24U24U25U46U26%57U25U24U24U25U24U24U46U26%57U25U24U24U25U25U24U46U26%57U25U25U24U24U24U25U46U26%57U25U25U24U25U24U25U46U26%57U25U24U25U24U25U24U46U26%57U25U25U24U24U24U24U46U26%57U25U24U25U25U25U25U46U26%41B28B28B28B28B28B28B28B28B28B28B28B28B28B28B28B28B28B28B28U60U56U34U51B11%43B30B22B40B33B17"))
   (89 (((93 3) (73 7)) "DISK_THM") (2 0)
    ("%6%4B59%57U25U25U24U25U24U24U46U26%57U25U25U24U25U25U24U46U26%57U25U24U24U24U25U25U46U26%57U25U24U25U24U25U25U46U26%57U25U24U24U25U25U24U46U26%57U25U24U24U25U24U24U46U26%57U25U25U24U25U24U25U46U26%41B28B28B28B28B28B28B28U60%15U61U35U49%57U24U25U25U46U61U35U39B11%57U24U46U61U35U49%57U24U25U24U25U46U61U35U39B11%43B30B30B63%57U25U25U24U25U24U24U46U26%57U25U24U25U25U25U24U46U26%57U25U24U25U25U24U25U46U26%57U25U24U24U24U24U24U46U26%57U25U24U25U25U25U24U46U26%57U25U24U24U24U25U24U46U26%57U25U25U24U25U24U25U46U26%57U25U24U24U25U24U24U46U26%57U25U24U25U24U24U25U46U26%57U25U24U24U24U24U24U46U26%57U25U24U24U25U25U24U46U26%57U25U25U25U24U24U25U46U26%57U25U24U24U25U24U24U46U26%57U25U24U24U25U25U24U46U26%57U25U25U24U24U24U25U46U26%57U25U25U24U25U24U25U46U26%57U25U24U25U24U25U24U46U26%57U25U25U24U24U24U24U46U26%57U25U24U25U25U25U25U46U26%41B28B28B28B28B28B28B28B28B28B28B28B28B28B28B28B28B28B28B28U60U56@%42B29@%6%4%57U25U25U24U25U24U24U46U26%57U25U25U24U25U25U24U46U26%57U25U24U24U24U25U25U46U26%57U25U24U25U24U25U25U46U26%57U25U24U24U25U25U24U46U26%57U25U24U24U25U24U24U46U26%57U25U25U24U25U24U25U46U26%41B28B28B28B28B28B28B28U60B32%57U25U25U24U25U24U24U46U26%57U25U25U24U25U25U24U46U26%57U25U24U24U24U25U25U46U26%57U25U24U25U24U25U25U46U26%57U25U24U24U25U25U24U46U26%57U25U24U24U25U24U24U46U26%57U25U25U24U25U24U25U46U26%41B28B28B28B28B28B28B28U60U56U34%15U61U35U49%57U24U25U25U46U61U35U39B11%57U24U46U61U35U49%57U24U25U24U25U46U61U35U39B11%43B30B30B62%57U25U25U24U25U24U24U46U26%57U25U24U25U25U25U24U46U26%57U25U24U25U25U24U25U46U26%57U25U24U24U24U24U24U46U26%57U25U24U25U25U25U24U46U26%57U25U24U24U24U25U24U46U26%57U25U25U24U25U24U25U46U26%57U25U24U24U25U24U24U46U26%57U25U24U25U24U24U25U46U26%57U25U24U24U24U24U24U46U26%57U25U24U24U25U25U24U46U26%57U25U25U25U24U24U25U46U26%57U25U24U24U25U24U24U46U26%57U25U24U24U25U25U24U46U26%57U25U25U24U24U24U25U46U26%57U25U25U24U25U24U25U46U26%57U25U24U25U24U25U24U46U26%57U25U25U24U24U24U24U46U26%57U25U24U25U25U25U25U46U26%41B28B28B28B28B28B28B28B28B28B28B28B28B28B28B28B28B28B28B28U60U56@2%44B31U54B12B20"))
   (90 (((93 5) (73 9)) "DISK_THM") (2 0)
    ("%4U67%57U25U24U24U24U25U24U46U26%57U25U25U24U24U25U25U46U26%57U25U24U25U24U24U24U46U26%57U25U25U24U25U25U24U46U26%57U25U24U25U25U25U24U46U26%57U25U24U24U25U25U24U46U26%57U25U24U25U25U25U25U46U26%57U25U25U24U25U24U25U46U26%41B28B28B28B28B28B28B28B28U60U56B66%7U55B19%57U25U25U24U25U24U24U46U26%57U25U25U24U25U25U24U46U26%57U25U24U24U24U25U25U46U26%57U25U24U25U24U25U25U46U26%57U25U24U24U25U25U24U46U26%57U25U24U24U25U24U24U46U26%57U25U25U24U25U24U25U46U26%41B28B28B28B28B28B28B28U60%7B65%4U67@%57U25U25U24U25U24U24U46U26%57U25U24U25U25U25U24U46U26%57U25U24U25U25U24U25U46U26%57U25U24U24U24U24U24U46U26%57U25U24U25U25U25U24U46U26%57U25U24U24U24U25U24U46U26%57U25U25U24U25U24U25U46U26%57U25U24U24U25U24U24U46U26%57U25U24U25U24U24U25U46U26%57U25U24U24U24U24U24U46U26%57U25U24U24U25U25U24U46U26%57U25U25U25U24U24U25U46U26%57U25U24U24U25U24U24U46U26%57U25U24U24U25U25U24U46U26%57U25U25U24U24U24U25U46U26%57U25U25U24U25U24U25U46U26%57U25U24U25U24U25U24U46U26%57U25U25U24U24U24U24U46U26%57U25U24U25U25U25U25U46U26%41B28B28B28B28B28B28B28B28B28B28B28B28B28B28B28B28B28B28B28U60U56B66%5U55B19B14%6%4B59%57U25U25U24U25U24U24U46U26%57U25U25U24U25U25U24U46U26%57U25U24U24U24U25U25U46U26%57U25U24U25U24U25U25U46U26%57U25U24U24U25U25U24U46U26%57U25U24U24U25U24U24U46U26%57U25U25U24U25U24U25U46U26%41B28B28B28B28B28B28B28U60%15U61U35U49%57U24U25U25U46U61U35U39B11%57U24U46U61U35U49%57U24U25U24U25U46U61U35U39B11%43B30B30B64%57U25U25U24U25U24U24U46U26%57U25U24U25U25U25U24U46U26%57U25U24U25U25U24U25U46U26%57U25U24U24U24U24U24U46U26%57U25U24U25U25U25U24U46U26%57U25U24U24U24U25U24U46U26%57U25U25U24U25U24U25U46U26%57U25U24U24U25U24U24U46U26%57U25U24U25U24U24U25U46U26%57U25U24U24U24U24U24U46U26%57U25U24U24U25U25U24U46U26%57U25U25U25U24U24U25U46U26%57U25U24U24U25U24U24U46U26%57U25U24U24U25U25U24U46U26%57U25U25U24U24U24U25U46U26%57U25U25U24U25U24U25U46U26%57U25U24U25U24U25U24U46U26%57U25U25U24U24U24U24U46U26%57U25U24U25U25U25U25U46U26%41B28B28B28B28B28B28B28B28B28B28B28B28B28B28B28B28B28B28B28U60U56@%57U25U24U24U24U25U24U46U26%57U25U25U24U24U25U25U46U26%57U25U24U25U24U24U24U46U26%57U25U25U24U25U25U24U46U26%57U25U24U25U25U25U24U46U26%57U25U24U24U25U25U24U46U26%57U25U24U25U25U25U25U46U26%57U25U25U24U25U24U25U46U26%41B28B28B28B28B28B28B28B28U60U56@%42B29@%6U69%15B18%6%53U50U52B12B27%6U58%57U25U25U24U25U24U24U46U26%57U25U25U24U25U25U24U46U26%57U25U24U24U24U25U25U46U26%57U25U24U25U24U25U25U46U26%57U25U24U24U25U25U24U46U26%57U25U24U24U25U24U24U46U26%57U25U25U24U25U24U25U46U26%41B28B28B28B28B28B28B28U60%7B65%4U67@U36%4B68B70%57U25U25U24U25U24U24U46U26%57U25U25U24U25U25U24U46U26%57U25U24U24U24U25U25U46U26%57U25U24U25U24U25U25U46U26%57U25U24U24U25U25U24U46U26%57U25U24U24U25U24U24U46U26%57U25U25U24U25U24U25U46U26%41B28B28B28B28B28B28B28U60U56U34@%15U61U35U49%57U24U25U25U46U61U35U39B11%57U24U46U61U35U49%57U24U25U24U25U46U61U35U39B11%43B30B30@%5@2B20B21"))
   (91 (((93 4) (73 1 2 8)) "DISK_THM") (2 0)
    ("%57U25U25U24U25U24U24U46U26%57U25U25U24U25U25U24U46U26%57U25U24U24U24U25U25U46U26%57U25U24U25U24U25U25U46U26%57U25U24U24U25U25U24U46U26%57U25U24U24U25U24U24U46U26%57U25U25U24U25U24U25U46U26%41B28B28B28B28B28B28B28U60%15U61U35U49%57U24U25U25U46U61U35U39B11%57U24U46U61U35U49%57U24U25U24U25U46U61U35U39B11%43B30B30B64%57U25U25U24U25U24U24U46U26%57U25U24U25U25U25U24U46U26%57U25U24U25U25U24U25U46U26%57U25U24U24U24U24U24U46U26%57U25U24U25U25U25U24U46U26%57U25U24U24U24U25U24U46U26%57U25U25U24U25U24U25U46U26%57U25U24U24U25U24U24U46U26%57U25U24U25U24U24U25U46U26%57U25U24U24U24U24U24U46U26%57U25U24U24U25U25U24U46U26%57U25U25U25U24U24U25U46U26%57U25U24U24U25U24U24U46U26%57U25U24U24U25U25U24U46U26%57U25U25U24U24U24U25U46U26%57U25U25U24U25U24U25U46U26%57U25U24U25U24U25U24U46U26%57U25U25U24U24U24U24U46U26%57U25U24U25U25U25U25U46U26%41B28B28B28B28B28B28B28B28B28B28B28B28B28B28B28B28B28B28B28U60U56@%57U25U24U24U24U25U24U46U26%57U25U25U24U24U25U25U46U26%57U25U24U25U24U24U24U46U26%57U25U25U24U25U25U24U46U26%57U25U24U25U25U25U24U46U26%57U25U24U24U25U25U24U46U26%57U25U24U25U25U25U25U46U26%57U25U25U24U25U24U25U46U26%41B28B28B28B28B28B28B28B28U60U56@%47%57U25U25U24U25U24U24U46U26%57U25U25U24U25U25U24U46U26%57U25U24U24U24U25U25U46U26%57U25U24U25U24U25U25U46U26%57U25U24U24U25U25U24U46U26%57U25U24U24U25U24U24U46U26%57U25U25U24U25U24U25U46U26%41B28B28B28B28B28B28B28U60%57U25U25U24U25U24U24U46U26%57U25U25U24U25U25U24U46U26%57U25U24U24U24U25U25U46U26%57U25U24U25U24U25U25U46U26%57U25U24U24U25U25U24U46U26%57U25U24U24U25U24U24U46U26%57U25U25U24U25U24U25U46U26%41B28B28B28B28B28B28B28U60U56U34%15U61U35U49%57U24U25U25U46U61U35U39B11%57U24U46U61U35U49%57U24U25U24U25U46U61U35U39B11%43B30B30%48%57U25U25U24U25U24U24U46U26%57U25U24U25U25U25U24U46U26%57U25U24U25U25U24U25U46U26%57U25U24U24U24U24U24U46U26%57U25U24U25U25U25U24U46U26%57U25U24U24U24U25U24U46U26%57U25U25U24U25U24U25U46U26%57U25U24U24U25U24U24U46U26%57U25U24U25U24U24U25U46U26%57U25U24U24U24U24U24U46U26%57U25U24U24U25U25U24U46U26%57U25U25U25U24U24U25U46U26%57U25U24U24U25U24U24U46U26%57U25U24U24U25U25U24U46U26%57U25U25U24U24U24U25U46U26%57U25U25U24U25U24U25U46U26%57U25U24U25U24U25U24U46U26%57U25U25U24U24U24U24U46U26%57U25U24U25U25U25U25U46U26%41B28B28B28B28B28B28B28B28B28B28B28B28B28B28B28B28B28B28B28U60U56U34U51B11%43B30B22B40B33%57U25U24U24U24U25U24U46U26%57U25U25U24U24U25U25U46U26%57U25U24U25U24U24U24U46U26%57U25U25U24U25U25U24U46U26%57U25U24U25U25U25U24U46U26%57U25U24U24U25U25U24U46U26%57U25U24U25U25U25U25U46U26%57U25U25U24U25U24U25U46U26%41B28B28B28B28B28B28B28B28U60U56U34%42B29B29B23B17"))
   (92 (((93 6) (73 10) (11 25 56)) "DISK_THM") (2 0)
    ("%6%4B59%45%2B38%3@%42B29@%6%4B71%2@%3@B20"))))
 (incorporate (incorporate-types) incorporate-consts)
 (loadable-thydata ("grammardelta") ("grammar" "hol" "Hol4SmlMacro")))
