(theory
 ("Hol4SmlGapWitness"
  ("evaluate" . "8f0710895616b776607895cfa0806a678d817f9e")
  ("cmlPtreeConversion" . "022d9e300042c755a3ee2e5786f973fc0dff25c1"))
 (core-data
  (tables
   (string-table "mlstring" "location" "locs" "ast" "exp" "list" "dec"
    "grammar" "parsetree" "gram" "MMLnonT" "tokens" "token"
    "semanticPrimitives" "sem_env" "v" "namespace" "id" "pair" "prod"
    "state" "," "min" "fun" "pat" "result" "sum" "num" "bool" "/\\" "0" "="
    "eq_result" "option" "one" "==>" "arithmetic" "BIT1" "BIT2" "CONS"
    "Closure" "Con" "Dmod" "EndT" "Eq_val" "EqualsT" "INL" "Ident" "IntLit"
    "lit" "integer" "int" "Let" "Lit" "Mat" "NIL" "NONE" "NUMERAL" "Nd"
    "Plit" "Raise" "Recclosure" "Rerr" "error_result" "Rraise" "SOME"
    "SealT" "StructT" "StructureT" "T" "ZERO" "bind_exn_v" "do_eq"
    "evaluate" "int_of_num" "nOptionalSignatureAscription" "nStructure"
    "nsLookup" "cmlPtreeConversion" "ptree_Decls" "ptree_SignatureValue"
    "ptree_StructName" "ptree_Structure" "recordtype.sem_env.seldef.v"
    "tokcheck" "tokcheckl" "~" "target_tuple_raises_second"
    "target_recursive_closure_equality" "target_order_is_observable"
    "target_failed_case_raises_bind" "target_closure_equality"
    "explicit_sequence_raises_first" "accepted_inline_signature_is_erased"
    "Hol4SmlGapWitness" "" "workspace" "scratch" "7755a98cf62b"
    "new-proof-evidence" "run-WGuGbEVm" "witnesses"
    "Hol4SmlGapWitnessScript.sml" "combin" "numeral")
   (id-table (0 . 0) (1 . 2) (3 . 4) (5 . 5) (3 . 6) (7 . 8) (9 . 10)
    (11 . 12) (13 . 14) (13 . 15) (16 . 17) (18 . 19) (13 . 20) (18 . 21)
    (22 . 23) (3 . 24) (13 . 25) (26 . 26) (27 . 27) (28 . 29) (22 . 28)
    (27 . 30) (22 . 31) (13 . 32) (33 . 33) (34 . 34) (22 . 35) (36 . 37)
    (36 . 38) (5 . 39) (13 . 40) (3 . 41) (3 . 42) (11 . 43) (13 . 44)
    (11 . 45) (26 . 46) (3 . 47) (3 . 48) (3 . 49) (50 . 51) (3 . 52)
    (3 . 53) (3 . 54) (5 . 55) (33 . 56) (36 . 57) (7 . 58) (3 . 59)
    (3 . 60) (13 . 61) (13 . 62) (13 . 63) (13 . 64) (33 . 65) (11 . 66)
    (11 . 67) (11 . 68) (28 . 69) (36 . 70) (13 . 71) (13 . 72) (73 . 73)
    (50 . 74) (9 . 75) (9 . 76) (16 . 77) (16 . 16) (78 . 79) (78 . 80)
    (78 . 81) (78 . 82) (13 . 83) (78 . 84) (78 . 85) (28 . 86))
   (type-table (0) (1) (2) (4) (3 3) (6) (7) (5 6 5 1) (9) (8 8) (10 0 0)
    (11 0 2) (11 0 11) (3 12) "'a" (12 14) (15) (11 16 2) (14 2 17)
    (14 16 18) (3 8) (16 20 8) (11 15 21) (14 21 22) (14 15 23) (18)
    (17 5 25) (11 26 1) (14 1 27) (14 26 28) (20) (14 30 30) (14 30 31)
    (23) (14 33 30) (14 33 34) (24 3) (14 36 30) (14 36 37) (24 4)
    (14 39 30) (14 39 40) (24 0) (14 42 30) (14 42 43) (25) (24 45)
    (14 46 30) (14 46 47) (24 8) (14 49 30) (14 49 50) (14 22 30)
    (14 22 52) (14 8 30) (14 8 54) (14 25 25) (3 2) (14 57 57) (14 2 58)
    (3 7) (14 60 60) (14 7 61) (3 17) (14 63 63) (14 17 64) (3 6)
    (14 66 66) (14 6 67) (14 2 8) (14 0 69) (14 9 70) (14 57 2) (24 10)
    (14 73 72) (14 4 3) (14 0 75) (14 30 33) (14 5 26) (14 10 2) (39) (40)
    (14 81 80) (14 2 2) (14 2 83) (14 42 84) (14 80 2) (14 63 2) (14 2 87)
    (14 60 7) (14 27 89) (14 80 16) (14 0 8) (14 13 92) (14 9 93) (52 8)
    (14 95 21) (14 8 95) (14 3 36) (14 4 39) (14 0 42) (14 45 46) (14 8 49)
    (14 8 33) (14 8 103) (14 57 22) (14 9 105) (14 15 106) (14 25 81)
    (14 10 49) (67 0 0 8) (14 110 109) (14 7 39) (14 7 46) (14 7 42)
    (14 7 36) (14 9 110) (14 6 30) (14 7 117) (14 66 30) (14 60 119))
   (term-table ("arg1" 0) ("arg2" 0) ("ascription_loc" 1) ("body1" 2)
    ("body2" 2) ("decls" 4) ("decls_pt" 7) ("endtok" 7) ("env" 9)
    ("env1" 9) ("env2" 9) ("eqtok" 7) ("first_id" 10) ("first_value" 8)
    ("funs1" 13) ("funs2" 13) ("loc" 1) ("name" 0) ("name1" 0) ("name2" 0)
    ("name_pt" 7) ("sealtok" 7) ("second_id" 10) ("second_value" 8)
    ("signature_pt" 7) ("st" 15) ("structtok" 7) ("structuretok" 7) (13 19)
    (13 24) (13 29) (19 32) (21 25) (22 35) (22 38) (22 41) (22 44) (22 48)
    (22 51) (22 53) (22 55) (26 32) (27 56) (28 56) (29 59) (29 62) (29 65)
    (29 68) (30 71) (31 74) (32 76) (33 6) (34 77) (35 6) (36 78) (37 79)
    (38 82) (41 85) (42 86) (43 88) (44 57) (44 60) (44 63) (44 66) (45 73)
    (45 42) (46 56) (47 90) (48 91) (49 83) (50 94) (51 96) (53 97) (54 98)
    (54 99) (54 100) (54 101) (54 102) (55 6) (56 6) (57 6) (58 30) (59 25)
    (60 8) (61 104) (62 107) (63 108) (64 5) (65 5) (66 111) (25 45)
    (68 112) (69 113) (70 114) (71 115) (72 116) (73 118) (74 120) (75 31)))
  exports (nil) (nil)
  ((87
    (((94 2) (28 25 50 52 56 58 105 128 133 154) (73 17) (5 33 38 242)
      (33 7) (18 4 65) (13 197 364 669 678)) "DISK_THM")
    (2 0 1 22 95 96 97 98 99 100 101 102)
    ("%8U95%12B89%13U77B38%8U95%22B89%23U77B38B31%25%8B85%64%12U55U69%22U55U69%60B44B44B49%60B44@%25%23U72U71B29B39B41"))
   (88 (((94 1) (28 25 63) (13 442 734)) "DISK_THM")
    (2 0 1 14 95 96 97 98 99 100 101 102)
    ("%9%14B70%18@%10%15B70%19@B84%81U52B33"))
   (89
    (((94 4) (28 25 50 54 56 58 63 105 133 154) (103 13) (73 17)
      (5 33 38 242) (33 7) (18 4 65) (13 64 197 364 669 678)) "DISK_THM")
    (2 0 1 40 95 96 97 98 99 100 101 102)
    ("%8U95%12B89%13U77B38%8U95%22B89%23U77B38%13%23B40U98B31B31%25%8B85%64%12U55U69%22U55U69%60B44B44B49%60B44@%25%8B85%65%12U55U69B57%22U55U69@%60B44@B39U98B41"))
   (90
    (((94 5) (3 14 465 486) (28 25 50 54 56 58 63 105 114 133 154) (73 17)
      (50 173) (5 33 41 315) (104 3 6) (18 4 8 65)
      (13 197 375 392 414 415 669 678 724)) "DISK_THM")
    (2 0 1 51 95 96 97 98 99 100 101 102)
    ("%25%8B85%82U42U66U86U56U58%32U86U56U68%82U42U43U42U66U86U56U58B28%62B46B59%60B44@%25%83U72U71B29B39"))
   (91 (((94 0) (28 25 63) (13 442 734)) "DISK_THM")
    (2 0 1 8 95 96 97 98 99 100 101 102)
    ("%9%0B48%3@%10%1B48%4@B84%81U52B33"))
   (92
    (((94 3) (28 25 50 52 56 58 105 128) (103 13) (73 17) (5 33) (33 7)
      (18 4 65) (13 64 197 669 678)) "DISK_THM")
    (2 0 1 32 95 96 97 98 99 100 101 102)
    ("%8U95%12B89%13U77B38%25%8B85%65%12U55U69B57%22U55U69@%60B44@%25%13U72U71B29B39B41"))
   (93
    (((94 6) (3 635) (28 25 50 52 54 56 58 63 105 128 133 154) (78 197)
      (7 89) (5 17) (34 3) (33 49 56 59 119) (18 8) (26 83)) "DISK_THM")
    (2 0 1 60 95 96 97 98 99 100 101 102)
    ("%26%27%11%7%61B45B45B45B45%79%80%53%51%63B47B47B47B47B97%21%78B96%20U93%17U75B36%24U92%90U76B37%6U91%5U74B35B31B31B31B31%88U54%16B30%27%20%87U54%2B30%21%24%61B45B45B67%11%26%6%7%61B45B45B45B45B45B45B45B67U94%17%5B50U73B34B41"))))
 (incorporate (incorporate-types) incorporate-consts)
 (loadable-thydata ("grammardelta")
  ("grammar" "hol" "evaluate" "semanticPrimitives" "ast" "namespace"
   "cmlPtreeConversion")))
