(theory
 ("Hol4SmlMacroQualification"
  ("Hol4SmlOrder" . "b02b4ccf197a5641e74970d231e251ff015fcbcc")
  ("Hol4SmlMacro" . "37e41565fdfdb4fc39229cc328c4db808a0e2754")
  ("HolSmt" . "638affacc420f3dea3140691336e3dbb2d9414e9"))
 (core-data
  (tables
   (string-table "list" "pair" "prod" "ast" "exp" "pat" "num" "option"
    "namespace" "id" "mlstring" "semanticPrimitives" "sem_env" "v" "state"
    "bool" "!" "min" "fun" "arithmetic" "+" "," "result" "-" "/\\" "0"
    "prim_rec" "<" "=" "==>" "ALL_DISTINCT" "APPEND" "App" "op" "BIT1"
    "BIT2" "string" "CHR" "char" "COND" "CONS" "Closure" "Con" "Fun"
    "Ident" "IntLit" "lit" "integer" "int" "combin" "K" "LENGTH" "Let"
    "Lit" "Mat" "NIL" "NONE" "NUMERAL" "Opapp" "Pany" "Pcon" "Plit" "Pvar"
    "Rabort" "error_result" "abort" "Raise" "Rerr" "Rtimeout_error" "Rval"
    "SOME" "Short" "ZERO" "evaluate" "dec_clock" "do_con_check" "stamp"
    "implode" "int_of_num" "Hol4SmlOrder" "lower_sml_application_ltr"
    "lower_sml_con_ltr" "Hol4SmlMacro" "lower_sml_match"
    "lower_sml_multifn" "lower_sml_multifn_application"
    "lower_sml_sequence_list" "nsBind" "nsLookup"
    "recordtype.sem_env.seldef.c" "recordtype.sem_env.seldef.v"
    "recordtype.sem_env.seldef.v_fupd" "recordtype.state.seldef.clock"
    "sml_application_ltr_reference" "sml_con_ltr_reference"
    "sml_match_reference" "sml_sequence_list_reference"
    "sml_sequence_reference" "z3_clock_step" "tactictoe_clause_count"
    "generated_sequence_list_semantics" "generated_sequence_list_expansion"
    "generated_match_semantics" "generated_match_expansion"
    "generated_fn_expansion" "generated_fn_closure"
    "generated_fn_application_semantics"
    "generated_fn_application_expansion"
    "generated_constructor_ltr_semantics"
    "generated_constructor_ltr_expansion"
    "generated_application_ltr_semantics"
    "generated_application_ltr_expansion" "egglog_sequence_replay"
    "egglog_constructor_ltr_replay" "egglog_application_ltr_replay"
    "Hol4SmlMacroQualification" "HolSmt" "Omega" "SubAndCondContext"
    "canonContext" "cooper" "cv" "int_arith" "numeral" "reduce")
   (id-table (0 . 0) (1 . 2) (3 . 4) (3 . 5) (6 . 6) (7 . 7) (8 . 9)
    (10 . 10) (11 . 12) (11 . 13) (11 . 14) (15 . 16) (17 . 18) (17 . 15)
    (19 . 20) (1 . 21) (11 . 22) (19 . 23) (15 . 24) (6 . 25) (26 . 27)
    (17 . 28) (17 . 29) (0 . 30) (0 . 31) (3 . 32) (3 . 33) (19 . 34)
    (19 . 35) (36 . 37) (36 . 38) (15 . 39) (0 . 40) (11 . 41) (3 . 42)
    (3 . 43) (3 . 44) (3 . 45) (3 . 46) (47 . 48) (49 . 50) (8 . 8)
    (0 . 51) (3 . 52) (3 . 53) (3 . 54) (0 . 55) (7 . 56) (19 . 57)
    (3 . 58) (3 . 59) (3 . 60) (3 . 61) (3 . 62) (11 . 63) (11 . 64)
    (11 . 65) (3 . 66) (11 . 67) (11 . 68) (11 . 69) (7 . 70) (8 . 71)
    (19 . 72) (73 . 74) (11 . 75) (11 . 76) (73 . 73) (10 . 77) (47 . 78)
    (79 . 80) (79 . 81) (82 . 83) (82 . 84) (82 . 85) (79 . 86) (8 . 87)
    (8 . 88) (11 . 89) (11 . 90) (11 . 91) (11 . 92) (79 . 93) (79 . 94)
    (82 . 95) (79 . 96) (82 . 97))
   (type-table (2) (3) (1 1 0) (0 2) (4) (7) (6 5 5) (5 6) (9) (8 8) (0 0)
    (0 5) "'a" (10 12) (13) (12 3 14) (12 15 14) (12 4 14) (12 17 14)
    (12 4 4) (12 4 19) (12 0 2) (12 1 21) (0 8) (16 23 8) (1 13 24)
    (12 24 25) (12 13 26) (12 14 14) (12 14 28) (12 4 17) (12 0 14)
    (12 0 31) (5 8) (12 33 14) (12 33 34) (12 25 14) (12 25 36) (12 11 14)
    (12 3 3) (12 3 39) (12 10 0) (26) (12 42 41) (30) (12 4 44) (12 25 25)
    (12 25 46) (12 14 47) (0 44) (12 49 49) (12 44 50) (12 10 10) (12 0 52)
    (12 11 11) (12 5 54) (0 1) (12 56 56) (12 1 57) (12 2 39) (12 23 23)
    (12 8 60) (12 0 8) (12 5 62) (12 9 63) (12 7 41) (12 0 0) (12 5 66)
    (12 6 0) (38) (39) (12 70 69) (41 5 5 8) (12 72 72) (12 72 73)
    (12 10 4) (12 11 4) (12 3 4) (12 0 66) (5 5) (12 79 78) (12 69 0)
    (12 3 0) (12 0 82) (12 56 1) (12 7 84) (12 69 1) (12 5 1) (55 8) (56)
    (12 89 88) (12 88 24) (12 23 24) (12 8 33) (12 5 6) (12 13 13)
    (12 7 17) (66) (1 4 97) (41 5 5 98) (12 99 96) (12 10 25) (12 9 101)
    (12 13 102) (12 49 5) (12 4 70) (12 11 0) (12 10 106) (12 7 107)
    (12 3 68) (12 0 109) (12 5 109) (12 6 68) (12 3 112) (12 5 113)
    (12 10 66) (12 8 73) (12 5 116) (12 6 33) (12 72 118) (12 9 99)
    (12 9 72) (12 9 9) (12 73 122) (12 13 4) (12 7 101) (12 9 125)
    (12 13 126) (12 8 25) (12 3 128) (12 0 129) (12 9 130) (12 13 131)
    (12 0 25) (12 10 133) (12 9 134) (12 13 135) (12 0 133) (12 9 137)
    (12 13 138))
   (term-table ("clauses" 3) ("clock" 4) ("cn" 7) ("e1" 0) ("e2" 0)
    ("env" 9) ("es" 10) ("first" 0) ("match_value" 8) ("n" 5) ("names" 11)
    ("rest" 0) ("st" 13) ("value" 8) (11 16) (11 18) (14 20) (15 22)
    (15 27) (17 20) (18 29) (19 4) (20 30) (21 32) (21 30) (21 35) (21 37)
    (22 29) (23 38) (24 40) (25 43) (27 19) (28 19) (29 45) (31 48) (32 51)
    (32 53) (32 55) (32 58) (32 59) (32 61) (33 64) (34 65) (35 67) (36 68)
    (37 71) (40 74) (42 75) (42 76) (42 77) (43 80) (44 81) (45 83) (46 49)
    (46 10) (46 11) (46 56) (46 3) (46 23) (47 7) (47 79) (48 19) (49 42)
    (50 1) (51 85) (52 86) (53 87) (54 90) (57 66) (58 91) (59 89) (60 92)
    (61 93) (62 94) (63 4) (64 95) (65 100) (67 103) (68 104) (69 105)
    (70 107) (71 108) (72 110) (73 111) (74 114) (75 115) (76 117) (77 119)
    (78 120) (79 121) (80 123) (81 124) (82 103) (83 127) (84 132) (85 136)
    (86 139))) exports (nil) (nil)
  ((98
    (((115 15) (116 13 16 31 35 40 60 68 97 136 150 159 332 333)
      (117 85 86 87 88 90 94 95 96 98 99 100 109) (118 0)
      (19 1 2 3 4 5 7 8 28 29 49 54 68 93 115 215 218 222 330)
      (15 8 13 14 25 26 27 29 31 35 36 41 42 50 51 52 54 56 58 63 64 93 96
       101 104 105 107 108 109) (119 4 7 9 12 20 21)
      (120 2 3 4 5 8 10 17 24)
      (121 31 32 35 36 37 42 53 55 57 59 61 63 65 66 67 68 69 76)
      (122 9 10 34 37 54 61 62 63 64 65 66)
      (47 59 62 63 64 71 79 80 82 83 84 92 93 95 97 99 149 164 168 169 170
       173 217 218 219 232 234 274 286 352 356 358 367 369 373 375)
      (123 3 5 6 7 8 16 17 21 34 35 40 41) (124 1 2)) "DISK_THM") (2 0)
    ("%1%21$0B22$0%74U31U61B19$0B22B27|U15"))
   (99 (((115 16) (19 113) (15 25 56) (0 40 96) (123 3)) "DISK_THM") (2 0)
    ("%0$0%63%74U32U32U31U32U31U31U61U33%74U32U31U32U32U32U31U61U33%74U32U31U32U32U31U32U61U33%74U32U31U31U31U31U31U61U33%74U32U31U32U32U32U31U61U33%74U32U31U31U31U32U31U61U33%74U32U32U31U32U31U32U61U33%74U32U31U31U32U31U31U61U33%74U32U31U32U31U31U32U61U33%74U32U31U31U31U31U31U61U33%74U32U31U31U32U32U31U61U33%74U32U32U32U31U31U32U61U33%74U32U31U31U32U31U31U61U33%74U32U31U31U32U32U31U61U33%74U32U32U31U31U31U32U61U33%74U32U32U31U32U31U32U61U33%74U32U31U32U31U32U31U61U33%74U32U32U31U31U31U31U61U33%74U32U31U32U32U32U32U61U33%53B35B35B35B35B35B35B35B35B35B35B35B35B35B35B35B35B35B35B35U78U73U44U68B17%57B39B29U49$0U49%74U31U61B16B24|U14"))
   (100 (((115 7) (79 3)) "DISK_THM") (2 0)
    ("%12%5B77%74U31U61U79U45U51%74U32U61U79U45U51%54B36B36%74U31U31U61U79U45U51B85%54B36@%12%5B95%74U31U61U79U45U51%74U32U61U79U45U51%54B36B36@%74U31U31U61U79U45U51@B26"))
   (101 (((115 6) (79 0) (0 45)) "DISK_THM") (2 0)
    ("%74U31U61U79U45U51%74U32U61U79U45U51%54B36B36%74U31U31U61U79U45U51B85%7%11%60$1B50$0@||%74U31U61U79U45U51@%7%11%60$1B50$0@||%74U32U61U79U45U51@%74U31U31U61U79U45U51@2B23"))
   (102 (((115 1) (82 6)) "DISK_THM") (2 0)
    ("%5U89%74U32U32U31U32U31U31U61U33%74U32U31U32U32U32U31U61U33%74U32U31U32U32U31U32U61U33%74U32U31U31U31U31U31U61U33%74U32U31U32U32U32U31U61U33%74U32U31U31U31U32U31U61U33%74U32U32U31U32U31U32U61U33%74U32U31U31U32U31U31U61U33%74U32U31U32U31U31U32U61U33%74U32U31U31U31U31U31U61U33%74U32U31U31U32U32U31U61U33%74U32U32U32U31U31U32U61U33%74U32U31U31U32U31U31U61U33%74U32U31U31U32U32U31U61U33%74U32U32U31U31U31U32U61U33%74U32U32U31U32U31U32U61U33%74U32U31U32U31U32U31U61U33%74U32U32U31U31U31U31U61U33%74U32U31U32U32U32U32U61U33%53B35B35B35B35B35B35B35B35B35B35B35B35B35B35B35B35B35B35B35U78U73B87%8U72B25%12%5B77%74U32U32U31U32U31U31U61U33%74U32U32U31U32U32U31U61U33%74U32U31U31U31U32U32U61U33%74U32U31U32U31U32U32U61U33%74U32U31U31U32U32U31U61U33%74U32U31U31U32U31U31U61U33%74U32U32U31U32U31U32U61U33%53B35B35B35B35B35B35B35U78U73U44%21U79U45U65%74U31U32U32U61U79U45U51B17%74U31U61U79U45U65%74U31U32U31U32U61U79U45U51B17%57B39B39B82%74U32U32U31U32U31U31U61U33%74U32U31U32U32U32U31U61U33%74U32U31U32U32U31U32U61U33%74U32U31U31U31U31U31U61U33%74U32U31U32U32U32U31U61U33%74U32U31U31U31U32U31U61U33%74U32U32U31U32U31U32U61U33%74U32U31U31U32U31U31U61U33%74U32U31U32U31U31U32U61U33%74U32U31U31U31U31U31U61U33%74U32U31U31U32U32U31U61U33%74U32U32U32U31U31U32U61U33%74U32U31U31U32U31U31U61U33%74U32U31U31U32U32U31U61U33%74U32U32U31U31U31U32U61U33%74U32U32U31U32U31U32U61U33%74U32U31U32U31U32U31U61U33%74U32U32U31U31U31U31U61U33%74U32U31U32U32U32U32U61U33%53B35B35B35B35B35B35B35B35B35B35B35B35B35B35B35B35B35B35B35U78U73@%54B36@%12%5B94%74U32U32U31U32U31U31U61U33%74U32U32U31U32U32U31U61U33%74U32U31U31U31U32U32U61U33%74U32U31U32U31U32U32U61U33%74U32U31U31U32U32U31U61U33%74U32U31U31U32U31U31U61U33%74U32U32U31U32U31U32U61U33%53B35B35B35B35B35B35B35U78U73U44@%21U79U45U65%74U31U32U32U61U79U45U51B17%74U31U61U79U45U65%74U31U32U31U32U61U79U45U51B17%57B39B39@%8@B26B27"))
   (103 (((115 0) (82 1)) "DISK_THM") (2 0)
    ("%74U32U32U31U32U31U31U61U33%74U32U32U31U32U32U31U61U33%74U32U31U31U31U32U32U61U33%74U32U31U32U31U32U32U61U33%74U32U31U31U32U32U31U61U33%74U32U31U31U32U31U31U61U33%74U32U32U31U32U31U32U61U33%53B35B35B35B35B35B35B35U78U73U44%21U79U45U65%74U31U32U32U61U79U45U51B17%74U31U61U79U45U65%74U31U32U31U32U61U79U45U51B17%57B39B39B82%74U32U32U31U32U31U31U61U33%74U32U31U32U32U32U31U61U33%74U32U31U32U32U31U32U61U33%74U32U31U31U31U31U31U61U33%74U32U31U32U32U32U31U61U33%74U32U31U31U31U32U31U61U33%74U32U32U31U32U31U32U61U33%74U32U31U31U32U31U31U61U33%74U32U31U32U31U31U32U61U33%74U32U31U31U31U31U31U61U33%74U32U31U31U32U32U31U61U33%74U32U32U32U31U31U32U61U33%74U32U31U31U32U31U31U61U33%74U32U31U31U32U32U31U61U33%74U32U32U31U31U31U32U61U33%74U32U32U31U32U31U32U61U33%74U32U31U32U31U32U31U61U33%74U32U32U31U31U31U31U61U33%74U32U31U32U32U32U32U61U33%53B35B35B35B35B35B35B35B35B35B35B35B35B35B35B35B35B35B35B35U78U73@%74U32U32U31U32U31U31U61U33%74U32U32U31U32U32U31U61U33%74U32U31U31U31U32U32U61U33%74U32U31U32U31U32U32U61U33%74U32U31U31U32U32U31U61U33%74U32U31U31U32U31U31U61U33%74U32U32U31U32U31U32U61U33%53B35B35B35B35B35B35B35U78U73U44%21U79U45U65%74U31U32U32U61U79U45U51B17%74U31U61U79U45U65%74U31U32U31U32U61U79U45U51B17%57B39B39%63%74U32U32U31U32U31U31U61U33%74U32U31U32U32U32U31U61U33%74U32U31U32U32U31U32U61U33%74U32U31U31U31U31U31U61U33%74U32U31U32U32U32U31U61U33%74U32U31U31U31U32U31U61U33%74U32U32U31U32U31U32U61U33%74U32U31U31U32U31U31U61U33%74U32U31U32U31U31U32U61U33%74U32U31U31U31U31U31U61U33%74U32U31U31U32U32U31U61U33%74U32U32U32U31U31U32U61U33%74U32U31U31U32U31U31U61U33%74U32U31U31U32U32U31U61U33%74U32U32U31U31U31U32U61U33%74U32U32U31U32U31U32U61U33%74U32U31U32U31U32U31U61U33%74U32U32U31U31U31U31U61U33%74U32U31U32U32U32U32U61U33%53B35B35B35B35B35B35B35B35B35B35B35B35B35B35B35B35B35B35B35U78U73U44U68B17%57B39B29B52B23"))
   (104 (((115 2) (82 1 2)) "DISK_THM") (2 0)
    ("%74U32U32U31U32U31U31U61U33%74U32U32U31U32U32U31U61U33%74U32U31U31U31U32U32U61U33%74U32U31U32U31U32U32U61U33%74U32U31U31U32U32U31U61U33%74U32U31U31U32U31U31U61U33%74U32U32U31U32U31U32U61U33%53B35B35B35B35B35B35B35U78%21U79U45U65%74U31U32U32U61U79U45U51B17%74U31U61U79U45U65%74U31U32U31U32U61U79U45U51B17%57B39B39B83%74U32U32U31U32U31U31U61U33%74U32U31U32U32U32U31U61U33%74U32U31U32U32U31U32U61U33%74U32U31U31U31U31U31U61U33%74U32U31U32U32U32U31U61U33%74U32U31U31U31U32U31U61U33%74U32U32U31U32U31U32U61U33%74U32U31U31U32U31U31U61U33%74U32U31U32U31U31U32U61U33%74U32U31U31U31U31U31U61U33%74U32U31U31U32U32U31U61U33%74U32U32U32U31U31U32U61U33%74U32U31U31U32U31U31U61U33%74U32U31U31U32U32U31U61U33%74U32U32U31U31U31U32U61U33%74U32U32U31U32U31U32U61U33%74U32U31U32U31U32U31U61U33%74U32U32U31U31U31U31U61U33%74U32U31U32U32U32U32U61U33%53B35B35B35B35B35B35B35B35B35B35B35B35B35B35B35B35B35B35B35U78U73@%74U32U32U31U32U31U31U61U33%74U32U32U31U32U32U31U61U33%74U32U31U31U31U32U32U61U33%74U32U31U32U31U32U32U61U33%74U32U31U31U32U32U31U61U33%74U32U31U31U32U31U31U61U33%74U32U32U31U32U31U32U61U33%53B35B35B35B35B35B35B35U78%74U32U32U31U32U31U31U61U33%74U32U32U31U32U32U31U61U33%74U32U31U31U31U32U32U61U33%74U32U31U32U31U32U32U61U33%74U32U31U31U32U32U31U61U33%74U32U31U31U32U31U31U61U33%74U32U32U31U32U31U32U61U33%53B35B35B35B35B35B35B35U78U73U44%21U79U45U65%74U31U32U32U61U79U45U51B17%74U31U61U79U45U65%74U31U32U31U32U61U79U45U51B17%57B39B39%63%74U32U32U31U32U31U31U61U33%74U32U31U32U32U32U31U61U33%74U32U31U32U32U31U32U61U33%74U32U31U31U31U31U31U61U33%74U32U31U32U32U32U31U61U33%74U32U31U31U31U32U31U61U33%74U32U32U31U32U31U32U61U33%74U32U31U31U32U31U31U61U33%74U32U31U32U31U31U32U61U33%74U32U31U31U31U31U31U61U33%74U32U31U31U32U32U31U61U33%74U32U32U32U31U31U32U61U33%74U32U31U31U32U31U31U61U33%74U32U31U31U32U32U31U61U33%74U32U32U31U31U31U32U61U33%74U32U32U31U32U31U32U61U33%74U32U31U32U31U32U31U61U33%74U32U32U31U31U31U31U61U33%74U32U31U32U32U32U32U61U33%53B35B35B35B35B35B35B35B35B35B35B35B35B35B35B35B35B35B35B35U78U73U44U68B17%57B39B29B52B43B23"))
   (105 (((115 3) (82 7)) "DISK_THM") (2 0)
    ("%12%5B77%74U32U32U31U32U31U31U61U33%74U32U32U31U32U32U31U61U33%74U32U31U31U31U32U32U61U33%74U32U31U32U31U32U32U61U33%74U32U31U31U32U32U31U61U33%74U32U31U31U32U31U31U61U33%74U32U32U31U32U31U32U61U33%53B35B35B35B35B35B35B35U78%21U79U45U65%74U31U32U32U61U79U45U51B17%74U31U61U79U45U65%74U31U32U31U32U61U79U45U51B17%57B39B39B83%74U32U32U31U32U31U31U61U33%74U32U31U32U32U32U31U61U33%74U32U31U32U32U31U32U61U33%74U32U31U31U31U31U31U61U33%74U32U31U32U32U32U31U61U33%74U32U31U31U31U32U31U61U33%74U32U32U31U32U31U32U61U33%74U32U31U31U32U31U31U61U33%74U32U31U32U31U31U32U61U33%74U32U31U31U31U31U31U61U33%74U32U31U31U32U32U31U61U33%74U32U32U32U31U31U32U61U33%74U32U31U31U32U31U31U61U33%74U32U31U31U32U32U31U61U33%74U32U32U31U31U31U32U61U33%74U32U32U31U32U31U32U61U33%74U32U31U32U31U32U31U61U33%74U32U32U31U31U31U31U61U33%74U32U31U32U32U32U32U61U33%53B35B35B35B35B35B35B35B35B35B35B35B35B35B35B35B35B35B35B35U78U73@%54B36@%12%5%74U32U32U31U32U31U31U61U33%74U32U32U31U32U32U31U61U33%74U32U31U31U31U32U32U61U33%74U32U31U32U31U32U32U61U33%74U32U31U31U32U32U31U61U33%74U32U31U31U32U31U31U61U33%74U32U32U31U32U31U32U61U33%53B35B35B35B35B35B35B35U78B41%74U32U32U31U32U31U31U61U33%74U32U32U31U32U32U31U61U33%74U32U31U31U31U32U32U61U33%74U32U31U32U31U32U32U61U33%74U32U31U31U32U32U31U61U33%74U32U31U31U32U31U31U61U33%74U32U32U31U32U31U32U61U33%53B35B35B35B35B35B35B35U78U73U44%21U79U45U65%74U31U32U32U61U79U45U51B17%74U31U61U79U45U65%74U31U32U31U32U61U79U45U51B17%57B39B39B82%74U32U32U31U32U31U31U61U33%74U32U31U32U32U32U31U61U33%74U32U31U32U32U31U32U61U33%74U32U31U31U31U31U31U61U33%74U32U31U32U32U32U31U61U33%74U32U31U31U31U32U31U61U33%74U32U32U31U32U31U32U61U33%74U32U31U31U32U31U31U61U33%74U32U31U32U31U31U32U61U33%74U32U31U31U31U31U31U61U33%74U32U31U31U32U32U31U61U33%74U32U32U32U31U31U32U61U33%74U32U31U31U32U31U31U61U33%74U32U31U31U32U32U31U61U33%74U32U32U31U31U31U32U61U33%74U32U32U31U32U31U32U61U33%74U32U31U32U31U32U31U61U33%74U32U32U31U31U31U31U61U33%74U32U31U32U32U32U32U61U33%53B35B35B35B35B35B35B35B35B35B35B35B35B35B35B35B35B35B35B35U78U73@2%58B40U71B18B26"))
   (106 (((115 5) (82 9)) "DISK_THM") (2 0)
    ("%5U89%74U32U31U31U31U32U31U61U33%74U32U32U31U31U32U32U61U33%74U32U31U32U31U31U31U61U33%74U32U32U31U32U32U31U61U33%74U32U31U32U32U32U31U61U33%74U32U31U31U32U32U31U61U33%74U32U31U32U32U32U32U61U33%74U32U32U31U32U31U32U61U33%53B35B35B35B35B35B35B35B35U78U73B87%13U72B25%74U32U32U31U32U31U31U61U33%74U32U32U31U32U32U31U61U33%74U32U31U31U31U32U32U61U33%74U32U31U32U31U32U32U61U33%74U32U31U31U32U32U31U61U33%74U32U31U31U32U31U31U61U33%74U32U32U31U32U31U32U61U33%53B35B35B35B35B35B35B35U78%13B86%5U89@%74U32U32U31U32U31U31U61U33%74U32U31U32U32U32U31U61U33%74U32U31U32U32U31U32U61U33%74U32U31U31U31U31U31U61U33%74U32U31U32U32U32U31U61U33%74U32U31U31U31U32U31U61U33%74U32U32U31U32U31U32U61U33%74U32U31U31U32U31U31U61U33%74U32U31U32U31U31U32U61U33%74U32U31U31U31U31U31U61U33%74U32U31U31U32U32U31U61U33%74U32U32U32U31U31U32U61U33%74U32U31U31U32U31U31U61U33%74U32U31U31U32U32U31U61U33%74U32U32U31U31U31U32U61U33%74U32U32U31U32U31U32U61U33%74U32U31U32U31U32U31U61U33%74U32U32U31U31U31U31U61U33%74U32U31U32U32U32U32U61U33%53B35B35B35B35B35B35B35B35B35B35B35B35B35B35B35B35B35B35B35U78U73B87%8U72B25B20%12%5B77%74U32U32U31U32U31U31U61U33%74U32U32U31U32U32U31U61U33%74U32U31U31U31U32U32U61U33%74U32U31U32U31U32U32U61U33%74U32U31U31U32U32U31U61U33%74U32U31U31U32U31U31U61U33%74U32U32U31U32U31U32U61U33%53B35B35B35B35B35B35B35U78%21U79U45U65%74U31U32U32U61U79U45U51B17%74U31U61U79U45U65%74U31U32U31U32U61U79U45U51B17%57B39B39B84%74U32U32U31U32U31U31U61U33%74U32U31U32U32U32U31U61U33%74U32U31U32U32U31U32U61U33%74U32U31U31U31U31U31U61U33%74U32U31U32U32U32U31U61U33%74U32U31U31U31U32U31U61U33%74U32U32U31U32U31U32U61U33%74U32U31U31U32U31U31U61U33%74U32U31U32U31U31U32U61U33%74U32U31U31U31U31U31U61U33%74U32U31U31U32U32U31U61U33%74U32U32U32U31U31U32U61U33%74U32U31U31U32U31U31U61U33%74U32U31U31U32U32U31U61U33%74U32U32U31U31U31U32U61U33%74U32U32U31U32U31U32U61U33%74U32U31U32U31U32U31U61U33%74U32U32U31U31U31U31U61U33%74U32U31U32U32U32U32U61U33%53B35B35B35B35B35B35B35B35B35B35B35B35B35B35B35B35B35B35B35U78U73@%74U32U31U31U31U32U31U61U33%74U32U32U31U31U32U32U61U33%74U32U31U32U31U31U31U61U33%74U32U32U31U32U32U31U61U33%74U32U31U32U32U32U31U61U33%74U32U31U31U32U32U31U61U33%74U32U31U32U32U32U32U61U33%74U32U32U31U32U31U32U61U33%53B35B35B35B35B35B35B35B35U78U73@%54B36@%12U91%21B24%12%70U67U69B18B34%12U75%74U32U32U31U32U31U31U61U33%74U32U32U31U32U32U31U61U33%74U32U31U31U31U32U32U61U33%74U32U31U32U31U32U32U61U33%74U32U31U31U32U32U31U61U33%74U32U31U31U32U31U31U61U33%74U32U32U31U32U31U32U61U33%53B35B35B35B35B35B35B35U78%13B86%5U89@U46%5B90B94%74U32U32U31U32U31U31U61U33%74U32U32U31U32U32U31U61U33%74U32U31U31U31U32U32U61U33%74U32U31U32U31U32U32U61U33%74U32U31U31U32U32U31U61U33%74U32U31U31U32U31U31U61U33%74U32U32U31U32U31U32U61U33%53B35B35B35B35B35B35B35U78U73U44@%21U79U45U65%74U31U32U32U61U79U45U51B17%74U31U61U79U45U65%74U31U32U31U32U61U79U45U51B17%57B39B39@%8@2B26B27"))
   (107 (((115 4) (82 1 2 8)) "DISK_THM") (2 0)
    ("%74U32U32U31U32U31U31U61U33%74U32U32U31U32U32U31U61U33%74U32U31U31U31U32U32U61U33%74U32U31U32U31U32U32U61U33%74U32U31U31U32U32U31U61U33%74U32U31U31U32U31U31U61U33%74U32U32U31U32U31U32U61U33%53B35B35B35B35B35B35B35U78%21U79U45U65%74U31U32U32U61U79U45U51B17%74U31U61U79U45U65%74U31U32U31U32U61U79U45U51B17%57B39B39B84%74U32U32U31U32U31U31U61U33%74U32U31U32U32U32U31U61U33%74U32U31U32U32U31U32U61U33%74U32U31U31U31U31U31U61U33%74U32U31U32U32U32U31U61U33%74U32U31U31U31U32U31U61U33%74U32U32U31U32U31U32U61U33%74U32U31U31U32U31U31U61U33%74U32U31U32U31U31U32U61U33%74U32U31U31U31U31U31U61U33%74U32U31U31U32U32U31U61U33%74U32U32U32U31U31U32U61U33%74U32U31U31U32U31U31U61U33%74U32U31U31U32U32U31U61U33%74U32U32U31U31U31U32U61U33%74U32U32U31U32U31U32U61U33%74U32U31U32U31U32U31U61U33%74U32U32U31U31U31U31U61U33%74U32U31U32U32U32U32U61U33%53B35B35B35B35B35B35B35B35B35B35B35B35B35B35B35B35B35B35B35U78U73@%74U32U31U31U31U32U31U61U33%74U32U32U31U31U32U32U61U33%74U32U31U32U31U31U31U61U33%74U32U32U31U32U32U31U61U33%74U32U31U32U32U32U31U61U33%74U32U31U31U32U32U31U61U33%74U32U31U32U32U32U32U61U33%74U32U32U31U32U31U32U61U33%53B35B35B35B35B35B35B35B35U78U73@%62%74U32U32U31U32U31U31U61U33%74U32U32U31U32U32U31U61U33%74U32U31U31U31U32U32U61U33%74U32U31U32U31U32U32U61U33%74U32U31U31U32U32U31U61U33%74U32U31U31U32U31U31U61U33%74U32U32U31U32U31U32U61U33%53B35B35B35B35B35B35B35U78%74U32U32U31U32U31U31U61U33%74U32U32U31U32U32U31U61U33%74U32U31U31U31U32U32U61U33%74U32U31U32U31U32U32U61U33%74U32U31U31U32U32U31U61U33%74U32U31U31U32U31U31U61U33%74U32U32U31U32U31U32U61U33%53B35B35B35B35B35B35B35U78U73U44%21U79U45U65%74U31U32U32U61U79U45U51B17%74U31U61U79U45U65%74U31U32U31U32U61U79U45U51B17%57B39B39%63%74U32U32U31U32U31U31U61U33%74U32U31U32U32U32U31U61U33%74U32U31U32U32U31U32U61U33%74U32U31U31U31U31U31U61U33%74U32U31U32U32U32U31U61U33%74U32U31U31U31U32U31U61U33%74U32U32U31U32U31U32U61U33%74U32U31U31U32U31U31U61U33%74U32U31U32U31U31U32U61U33%74U32U31U31U31U31U31U61U33%74U32U31U31U32U32U31U61U33%74U32U32U32U31U31U32U61U33%74U32U31U31U32U31U31U61U33%74U32U31U31U32U32U31U61U33%74U32U32U31U31U31U32U61U33%74U32U32U31U32U31U32U61U33%74U32U31U32U31U32U31U61U33%74U32U32U31U31U31U31U61U33%74U32U31U32U32U32U32U61U33%53B35B35B35B35B35B35B35B35B35B35B35B35B35B35B35B35B35B35B35U78U73U44U68B17%57B39B29B52B43%74U32U31U31U31U32U31U61U33%74U32U32U31U31U32U32U61U33%74U32U31U32U31U31U31U61U33%74U32U32U31U32U32U31U61U33%74U32U31U32U32U32U31U61U33%74U32U31U31U32U32U31U61U33%74U32U31U32U32U32U32U61U33%74U32U32U31U32U31U32U61U33%53B35B35B35B35B35B35B35B35U78U73U44%54B36B36B30B23"))
   (108
    (((115 9) (79 15) (15 14 50 51 52 54 56 58 105 128 154)
      (0 40 178 315 743) (10 246) (123 0 3 6 7) (7 7) (11 364) (36 9 35))
     "DISK_THM") (2 0)
    ("%12%5B77%59%74U31U61U79U45U51%74U32U61U79U45U51%74U31U31U61U79U45U51%54B36B36B36B81%74U32U31U32U31U31U32U61U33%74U32U32U31U31U31U31U61U33%74U32U31U32U32U31U32U61U33%74U32U31U32U31U32U61U33%74U32U31U31U31U31U31U61U33%74U32U32U31U32U31U31U61U33%74U32U31U32U32U32U31U61U33%74U32U31U32U32U31U32U61U33%74U32U31U31U31U31U31U61U33%74U32U31U31U32U31U31U61U33%74U32U31U31U31U32U31U61U33%74U32U32U31U31U31U32U61U33%74U32U32U31U32U31U32U61U33%74U32U32U31U32U32U31U61U33%74U32U32U31U31U32U32U61U33%74U32U31U31U32U32U31U61U33%74U32U31U31U31U31U31U61U33%74U32U31U31U31U32U61U33%53B35B35B35B35B35B35B35B35B35B35B35B35B35B35B35B35B35B35U78%74U32U31U32U31U31U32U61U33%74U32U32U31U31U31U31U61U33%74U32U31U32U32U31U32U61U33%74U32U31U32U31U32U61U33%74U32U31U31U31U31U31U61U33%74U32U32U31U32U31U31U61U33%74U32U31U32U32U32U31U61U33%74U32U31U32U32U31U32U61U33%74U32U31U31U31U31U31U61U33%74U32U31U31U32U31U31U61U33%74U32U31U31U31U32U31U61U33%74U32U32U31U31U31U32U61U33%74U32U32U31U32U31U32U61U33%74U32U32U31U32U32U31U61U33%74U32U32U31U31U32U32U61U33%74U32U31U31U32U32U31U61U33%74U32U31U31U31U31U31U61U33%74U32U31U31U32U31U61U33%53B35B35B35B35B35B35B35B35B35B35B35B35B35B35B35B35B35B35U78%74U32U31U32U31U31U32U61U33%74U32U32U31U31U31U31U61U33%74U32U31U32U32U31U32U61U33%74U32U31U32U31U32U61U33%74U32U31U31U31U31U31U61U33%74U32U32U31U32U31U31U61U33%74U32U31U32U32U32U31U61U33%74U32U31U32U32U31U32U61U33%74U32U31U31U31U31U31U61U33%74U32U31U31U32U31U31U61U33%74U32U31U31U31U32U31U61U33%74U32U32U31U31U31U32U61U33%74U32U32U31U32U31U32U61U33%74U32U32U31U32U32U31U61U33%74U32U32U31U31U32U32U61U33%74U32U31U31U32U32U31U61U33%74U32U31U31U31U31U31U61U33%74U32U31U31U32U32U61U33%53B35B35B35B35B35B35B35B35B35B35B35B35B35B35B35B35B35B35U78%55B37B37B37@%54B36@%12%5B93%59@%74U31U61U79U45U51%74U32U61U79U45U51%74U31U31U61U79U45U51%54B36B36B36@B26"))
   (109 (((115 8) (79 6) (0 38 41 242)) "DISK_THM") (2 0)
    ("%59%74U31U61U79U45U51%74U32U61U79U45U51%74U31U31U61U79U45U51%54B36B36B36B81%74U32U31U32U31U31U32U61U33%74U32U32U31U31U31U31U61U33%74U32U31U32U32U31U32U61U33%74U32U31U32U31U32U61U33%74U32U31U31U31U31U31U61U33%74U32U32U31U32U31U31U61U33%74U32U31U32U32U32U31U61U33%74U32U31U32U32U31U32U61U33%74U32U31U31U31U31U31U61U33%74U32U31U31U32U31U31U61U33%74U32U31U31U31U32U31U61U33%74U32U32U31U31U31U32U61U33%74U32U32U31U32U31U32U61U33%74U32U32U31U32U32U31U61U33%74U32U32U31U31U32U32U61U33%74U32U31U31U32U32U31U61U33%74U32U31U31U31U31U31U61U33%74U32U31U31U31U32U61U33%53B35B35B35B35B35B35B35B35B35B35B35B35B35B35B35B35B35B35U78%74U32U31U32U31U31U32U61U33%74U32U32U31U31U31U31U61U33%74U32U31U32U32U31U32U61U33%74U32U31U32U31U32U61U33%74U32U31U31U31U31U31U61U33%74U32U32U31U32U31U31U61U33%74U32U31U32U32U32U31U61U33%74U32U31U32U32U31U32U61U33%74U32U31U31U31U31U31U61U33%74U32U31U31U32U31U31U61U33%74U32U31U31U31U32U31U61U33%74U32U32U31U31U31U32U61U33%74U32U32U31U32U31U32U61U33%74U32U32U31U32U32U31U61U33%74U32U32U31U31U32U32U61U33%74U32U31U31U32U32U31U61U33%74U32U31U31U31U31U31U61U33%74U32U31U31U32U31U61U33%53B35B35B35B35B35B35B35B35B35B35B35B35B35B35B35B35B35B35U78%74U32U31U32U31U31U32U61U33%74U32U32U31U31U31U31U61U33%74U32U31U32U32U31U32U61U33%74U32U31U32U31U32U61U33%74U32U31U31U31U31U31U61U33%74U32U32U31U32U31U31U61U33%74U32U31U32U32U32U31U61U33%74U32U31U32U32U31U32U61U33%74U32U31U31U31U31U31U61U33%74U32U31U31U32U31U31U61U33%74U32U31U31U31U32U31U61U33%74U32U32U31U31U31U32U61U33%74U32U32U31U32U31U32U61U33%74U32U32U31U32U32U31U61U33%74U32U32U31U31U32U32U61U33%74U32U31U31U32U32U31U61U33%74U32U31U31U31U31U31U61U33%74U32U31U31U32U32U61U33%53B35B35B35B35B35B35B35B35B35B35B35B35B35B35B35B35B35B35U78%55B37B37B37@%59%74U31U31U61U79U45U51%74U32U61U79U45U51%74U31U61U79U45U51%54B36B36B36B42%59%74U32U31U32U31U31U32U61U33%74U32U32U31U31U31U31U61U33%74U32U31U32U32U31U32U61U33%74U32U31U32U31U32U61U33%74U32U31U31U31U31U31U61U33%74U32U32U31U32U31U31U61U33%74U32U31U32U32U32U31U61U33%74U32U31U32U32U31U32U61U33%74U32U31U31U31U31U31U61U33%74U32U31U31U32U31U31U61U33%74U32U31U31U31U32U31U61U33%74U32U32U31U31U31U32U61U33%74U32U32U31U32U31U32U61U33%74U32U32U31U32U32U31U61U33%74U32U32U31U31U32U32U61U33%74U32U31U31U32U32U31U61U33%74U32U31U31U31U31U31U61U33%74U32U31U31U32U32U61U33%53B35B35B35B35B35B35B35B35B35B35B35B35B35B35B35B35B35B35U78U66%74U32U31U32U31U31U32U61U33%74U32U32U31U31U31U31U61U33%74U32U31U32U32U31U32U61U33%74U32U31U32U31U32U61U33%74U32U31U31U31U31U31U61U33%74U32U32U31U32U31U31U61U33%74U32U31U32U32U32U31U61U33%74U32U31U32U32U31U32U61U33%74U32U31U31U31U31U31U61U33%74U32U31U31U32U31U31U61U33%74U32U31U31U31U32U31U61U33%74U32U32U31U31U31U32U61U33%74U32U32U31U32U31U32U61U33%74U32U32U31U32U32U31U61U33%74U32U32U31U31U32U32U61U33%74U32U31U31U32U32U31U61U33%74U32U31U31U31U31U31U61U33%74U32U31U31U32U31U61U33%53B35B35B35B35B35B35B35B35B35B35B35B35B35B35B35B35B35B35U78U66%74U32U31U32U31U31U32U61U33%74U32U32U31U31U31U31U61U33%74U32U31U32U32U31U32U61U33%74U32U31U32U31U32U61U33%74U32U31U31U31U31U31U61U33%74U32U32U31U32U31U31U61U33%74U32U31U32U32U32U31U61U33%74U32U31U32U32U31U32U61U33%74U32U31U31U31U31U31U61U33%74U32U31U31U32U31U31U61U33%74U32U31U31U31U32U31U61U33%74U32U32U31U31U31U32U61U33%74U32U32U31U32U31U32U61U33%74U32U32U31U32U32U31U61U33%74U32U32U31U31U32U32U61U33%74U32U31U31U32U32U31U61U33%74U32U31U31U31U31U31U61U33%74U32U31U31U31U32U61U33%53B35B35B35B35B35B35B35B35B35B35B35B35B35B35B35B35B35B35U78U66%56B38B38B38B64%59%9$0U73U44|%74U32U31U32U31U31U32U61U33%74U32U32U31U31U31U31U61U33%74U32U31U32U32U31U32U61U33%74U32U31U32U31U32U61U33%74U32U31U31U31U31U31U61U33%74U32U32U31U32U31U31U61U33%74U32U31U32U32U32U31U61U33%74U32U31U32U32U31U32U61U33%74U32U31U31U31U31U31U61U33%74U32U31U31U32U31U31U61U33%74U32U31U31U31U32U31U61U33%74U32U32U31U31U31U32U61U33%74U32U32U31U32U31U32U61U33%74U32U32U31U32U32U31U61U33%74U32U32U31U31U32U32U61U33%74U32U31U31U32U32U31U61U33%74U32U31U31U31U31U31U61U33%74U32U31U31U31U32U61U33%53B35B35B35B35B35B35B35B35B35B35B35B35B35B35B35B35B35B35U78@%9$0U73U44|%74U32U31U32U31U31U32U61U33%74U32U32U31U31U31U31U61U33%74U32U31U32U32U31U32U61U33%74U32U31U32U31U32U61U33%74U32U31U31U31U31U31U61U33%74U32U32U31U32U31U31U61U33%74U32U31U32U32U32U31U61U33%74U32U31U32U32U31U32U61U33%74U32U31U31U31U31U31U61U33%74U32U31U31U32U31U31U61U33%74U32U31U31U31U32U31U61U33%74U32U32U31U31U31U32U61U33%74U32U32U31U32U31U32U61U33%74U32U32U31U32U32U31U61U33%74U32U32U31U31U32U32U61U33%74U32U31U31U32U32U31U61U33%74U32U31U31U31U31U31U61U33%74U32U31U31U32U31U61U33%53B35B35B35B35B35B35B35B35B35B35B35B35B35B35B35B35B35B35U78@%9$0U73U44|%74U32U31U32U31U31U32U61U33%74U32U32U31U31U31U31U61U33%74U32U31U32U32U31U32U61U33%74U32U31U32U31U32U61U33%74U32U31U31U31U31U31U61U33%74U32U32U31U32U31U31U61U33%74U32U31U32U32U32U31U61U33%74U32U31U32U32U31U32U61U33%74U32U31U31U31U31U31U61U33%74U32U31U31U32U31U31U61U33%74U32U31U31U31U32U31U61U33%74U32U32U31U31U31U32U61U33%74U32U32U31U32U31U32U61U33%74U32U32U31U32U32U31U61U33%74U32U32U31U31U32U32U61U33%74U32U31U31U32U32U31U61U33%74U32U31U31U31U31U31U61U33%74U32U31U31U32U32U61U33%53B35B35B35B35B35B35B35B35B35B35B35B35B35B35B35B35B35B35U78@%54B36B36B36B42B17%57B39B52B23"))
   (110
    (((115 11) (79 17) (15 14 50 51 52 54 56 154) (0 40 178 315 743)
      (10 246) (123 0 3 6 7) (36 9 35)) "DISK_THM") (2 0)
    ("%12%5B77%74U32U31U32U31U32U31U61U33%74U32U31U32U31U31U31U61U33%74U32U31U32U32U32U32U61U33%74U32U32U31U31U31U31U61U33%74U32U32U31U31U32U32U61U33%74U32U31U31U32U32U31U61U33%74U32U31U31U32U31U32U61U33%53B35B35B35B35B35B35B35U78%74U32U31U32U31U31U32U61U33%74U32U32U31U31U31U31U61U33%74U32U31U32U32U31U32U61U33%74U32U31U32U31U32U61U33%74U32U31U31U31U31U31U61U33%74U32U32U31U32U31U31U61U33%74U32U31U32U32U32U31U61U33%74U32U31U32U32U31U32U61U33%74U32U31U31U31U31U31U61U33%74U32U31U31U32U31U31U61U33%74U32U31U31U31U32U31U61U33%74U32U32U31U31U31U32U61U33%74U32U32U31U32U31U32U61U33%74U32U32U31U32U32U31U61U33%74U32U32U31U31U32U32U61U33%74U32U31U31U32U32U31U61U33%74U32U31U31U31U31U31U61U33%74U32U31U31U31U32U61U33%53B35B35B35B35B35B35B35B35B35B35B35B35B35B35B35B35B35B35U78U73U44B43%74U31U31U31U61U79U45U51%54B36B36%74U32U31U32U31U31U32U61U33%74U32U32U31U31U31U31U61U33%74U32U31U32U32U31U32U61U33%74U32U31U32U31U32U61U33%74U32U31U31U31U31U31U61U33%74U32U32U31U32U31U31U61U33%74U32U31U32U32U32U31U61U33%74U32U31U32U32U31U32U61U33%74U32U31U31U31U31U31U61U33%74U32U31U31U32U31U31U61U33%74U32U31U31U31U32U31U61U33%74U32U32U31U31U31U32U61U33%74U32U32U31U32U31U32U61U33%74U32U32U31U32U32U31U61U33%74U32U32U31U31U32U32U61U33%74U32U31U31U32U32U31U61U33%74U32U31U31U31U31U31U61U33%74U32U31U31U31U32U61U33%53B35B35B35B35B35B35B35B35B35B35B35B35B35B35B35B35B35B35U78%74U32U31U32U31U31U32U61U33%74U32U32U31U31U31U31U61U33%74U32U31U32U32U31U32U61U33%74U32U31U32U31U32U61U33%74U32U31U31U31U31U31U61U33%74U32U32U31U32U31U31U61U33%74U32U31U32U32U32U31U61U33%74U32U31U32U32U31U32U61U33%74U32U31U31U31U31U31U61U33%74U32U31U31U32U31U31U61U33%74U32U31U31U31U32U31U61U33%74U32U32U31U31U31U32U61U33%74U32U32U31U32U31U32U61U33%74U32U32U31U32U32U31U61U33%74U32U32U31U31U32U32U61U33%74U32U31U31U32U32U31U61U33%74U32U31U31U31U31U31U61U33%74U32U31U31U32U31U61U33%53B35B35B35B35B35B35B35B35B35B35B35B35B35B35B35B35B35B35U78%55B37B37B80%54B36@%12%5B92%74U32U31U32U31U32U31U61U33%74U32U31U32U31U31U31U61U33%74U32U31U32U32U32U32U61U33%74U32U32U31U31U31U31U61U33%74U32U32U31U31U32U32U61U33%74U32U31U31U32U32U31U61U33%74U32U31U31U32U31U32U61U33%53B35B35B35B35B35B35B35U78%74U32U31U32U31U31U32U61U33%74U32U32U31U31U31U31U61U33%74U32U31U32U32U31U32U61U33%74U32U31U32U31U32U61U33%74U32U31U31U31U31U31U61U33%74U32U32U31U32U31U31U61U33%74U32U31U32U32U32U31U61U33%74U32U31U32U32U31U32U61U33%74U32U31U31U31U31U31U61U33%74U32U31U31U32U31U31U61U33%74U32U31U31U31U32U31U61U33%74U32U32U31U31U31U32U61U33%74U32U32U31U32U31U32U61U33%74U32U32U31U32U32U31U61U33%74U32U32U31U31U32U32U61U33%74U32U31U31U32U32U31U61U33%74U32U31U31U31U31U31U61U33%74U32U31U31U31U32U61U33%53B35B35B35B35B35B35B35B35B35B35B35B35B35B35B35B35B35B35U78U73U44B43%74U31U31U31U61U79U45U51%54B36B36@B26"))
   (111 (((115 10) (79 7) (0 38 41 242)) "DISK_THM") (2 0)
    ("%74U32U31U32U31U32U31U61U33%74U32U31U32U31U31U31U61U33%74U32U31U32U32U32U32U61U33%74U32U32U31U31U31U31U61U33%74U32U32U31U31U32U32U61U33%74U32U31U31U32U32U31U61U33%74U32U31U31U32U31U32U61U33%53B35B35B35B35B35B35B35U78%74U32U31U32U31U31U32U61U33%74U32U32U31U31U31U31U61U33%74U32U31U32U32U31U32U61U33%74U32U31U32U31U32U61U33%74U32U31U31U31U31U31U61U33%74U32U32U31U32U31U31U61U33%74U32U31U32U32U32U31U61U33%74U32U31U32U32U31U32U61U33%74U32U31U31U31U31U31U61U33%74U32U31U31U32U31U31U61U33%74U32U31U31U31U32U31U61U33%74U32U32U31U31U31U32U61U33%74U32U32U31U32U31U32U61U33%74U32U32U31U32U32U31U61U33%74U32U32U31U31U32U32U61U33%74U32U31U31U32U32U31U61U33%74U32U31U31U31U31U31U61U33%74U32U31U31U31U32U61U33%53B35B35B35B35B35B35B35B35B35B35B35B35B35B35B35B35B35B35U78U73U44B43%74U31U31U31U61U79U45U51%54B36B36%74U32U31U32U31U31U32U61U33%74U32U32U31U31U31U31U61U33%74U32U31U32U32U31U32U61U33%74U32U31U32U31U32U61U33%74U32U31U31U31U31U31U61U33%74U32U32U31U32U31U31U61U33%74U32U31U32U32U32U31U61U33%74U32U31U32U32U31U32U61U33%74U32U31U31U31U31U31U61U33%74U32U31U31U32U31U31U61U33%74U32U31U31U31U32U31U61U33%74U32U32U31U31U31U32U61U33%74U32U32U31U32U31U32U61U33%74U32U32U31U32U32U31U61U33%74U32U32U31U31U32U32U61U33%74U32U31U31U32U32U31U61U33%74U32U31U31U31U31U31U61U33%74U32U31U31U31U32U61U33%53B35B35B35B35B35B35B35B35B35B35B35B35B35B35B35B35B35B35U78%74U32U31U32U31U31U32U61U33%74U32U32U31U31U31U31U61U33%74U32U31U32U32U31U32U61U33%74U32U31U32U31U32U61U33%74U32U31U31U31U31U31U61U33%74U32U32U31U32U31U31U61U33%74U32U31U32U32U32U31U61U33%74U32U31U32U32U31U32U61U33%74U32U31U31U31U31U31U61U33%74U32U31U31U32U31U31U61U33%74U32U31U31U31U32U31U61U33%74U32U32U31U31U31U32U61U33%74U32U32U31U32U31U32U61U33%74U32U32U31U32U32U31U61U33%74U32U32U31U31U32U32U61U33%74U32U31U31U32U32U31U61U33%74U32U31U31U31U31U31U61U33%74U32U31U31U32U31U61U33%53B35B35B35B35B35B35B35B35B35B35B35B35B35B35B35B35B35B35U78%55B37B37B80%59%74U31U31U31U61U79U45U51%74U32U31U32U31U32U31U61U33%74U32U31U32U31U31U31U61U33%74U32U31U32U32U32U32U61U33%74U32U32U31U31U31U31U61U33%74U32U32U31U31U32U32U61U33%74U32U31U31U32U32U31U61U33%74U32U31U31U32U31U32U61U33%53B35B35B35B35B35B35B35U78%74U32U31U32U31U31U32U61U33%74U32U32U31U31U31U31U61U33%74U32U31U32U32U31U32U61U33%74U32U31U32U31U32U61U33%74U32U31U31U31U31U31U61U33%74U32U32U31U32U31U31U61U33%74U32U31U32U32U32U31U61U33%74U32U31U32U32U31U32U61U33%74U32U31U31U31U31U31U61U33%74U32U31U31U32U31U31U61U33%74U32U31U31U31U32U31U61U33%74U32U32U31U31U31U32U61U33%74U32U32U31U32U31U32U61U33%74U32U32U31U32U32U31U61U33%74U32U32U31U31U32U32U61U33%74U32U31U31U32U32U31U61U33%74U32U31U31U31U31U31U61U33%74U32U31U31U31U32U61U33%53B35B35B35B35B35B35B35B35B35B35B35B35B35B35B35B35B35B35U78U73U44B43%54B36B36B42%59%74U32U31U32U31U31U32U61U33%74U32U32U31U31U31U31U61U33%74U32U31U32U32U31U32U61U33%74U32U31U32U31U32U61U33%74U32U31U31U31U31U31U61U33%74U32U32U31U32U31U31U61U33%74U32U31U32U32U32U31U61U33%74U32U31U32U32U31U32U61U33%74U32U31U31U31U31U31U61U33%74U32U31U31U32U31U31U61U33%74U32U31U31U31U32U31U61U33%74U32U32U31U31U31U32U61U33%74U32U32U31U32U31U32U61U33%74U32U32U31U32U32U31U61U33%74U32U32U31U31U32U32U61U33%74U32U31U31U32U32U31U61U33%74U32U31U31U31U31U31U61U33%74U32U31U31U32U31U61U33%53B35B35B35B35B35B35B35B35B35B35B35B35B35B35B35B35B35B35U78U66%74U32U31U32U31U31U32U61U33%74U32U32U31U31U31U31U61U33%74U32U31U32U32U31U32U61U33%74U32U31U32U31U32U61U33%74U32U31U31U31U31U31U61U33%74U32U32U31U32U31U31U61U33%74U32U31U32U32U32U31U61U33%74U32U31U32U32U31U32U61U33%74U32U31U31U31U31U31U61U33%74U32U31U31U32U31U31U61U33%74U32U31U31U31U32U31U61U33%74U32U32U31U31U31U32U61U33%74U32U32U31U32U31U32U61U33%74U32U32U31U32U32U31U61U33%74U32U32U31U31U32U32U61U33%74U32U31U31U32U32U31U61U33%74U32U31U31U31U31U31U61U33%74U32U31U31U31U32U61U33%53B35B35B35B35B35B35B35B35B35B35B35B35B35B35B35B35B35B35U78U66%56B38B38B64%62%9$0U73U44|%74U32U31U32U31U31U32U61U33%74U32U32U31U31U31U31U61U33%74U32U31U32U32U31U32U61U33%74U32U31U32U31U32U61U33%74U32U31U31U31U31U31U61U33%74U32U32U31U32U31U31U61U33%74U32U31U32U32U32U31U61U33%74U32U31U32U32U31U32U61U33%74U32U31U31U31U31U31U61U33%74U32U31U31U32U31U31U61U33%74U32U31U31U31U32U31U61U33%74U32U32U31U31U31U32U61U33%74U32U32U31U32U31U32U61U33%74U32U32U31U32U32U31U61U33%74U32U32U31U31U32U32U61U33%74U32U31U31U32U32U31U61U33%74U32U31U31U31U31U31U61U33%74U32U31U31U31U32U61U33%53B35B35B35B35B35B35B35B35B35B35B35B35B35B35B35B35B35B35U78@%9$0U73U44|%74U32U31U32U31U31U32U61U33%74U32U32U31U31U31U31U61U33%74U32U31U32U32U31U32U61U33%74U32U31U32U31U32U61U33%74U32U31U31U31U31U31U61U33%74U32U32U31U32U31U31U61U33%74U32U31U32U32U32U31U61U33%74U32U31U32U32U31U32U61U33%74U32U31U31U31U31U31U61U33%74U32U31U31U32U31U31U61U33%74U32U31U31U31U32U31U61U33%74U32U32U31U31U31U32U61U33%74U32U32U31U32U31U32U61U33%74U32U32U31U32U32U31U61U33%74U32U32U31U31U32U32U61U33%74U32U31U31U32U32U31U61U33%74U32U31U31U31U31U31U61U33%74U32U31U31U32U31U61U33%53B35B35B35B35B35B35B35B35B35B35B35B35B35B35B35B35B35B35U78@%54B36B36B30B17%57B39B52B23"))
   (112 (((115 12) (82 10) (15 25 56)) "DISK_THM") (2 0)
    ("%12%5B77%60%3B50%4@%54B36@%12%5B96%3@%4@B26"))
   (113 (((115 13) (79 15) (15 25 50 52 56 58 63 105 128)) "DISK_THM")
    (2 0)
    ("%10U28%10U48%6U47B24%5U88%2B76%6U47@B20B20%12%5B77%2%6B81%10@%54B36@%12%5B93%2@%6@B26B27"))
   (114 (((115 14) (79 17) (15 25 50 52 56 58 63 105 128)) "DISK_THM")
    (2 0)
    ("%10U28%10U48%6U47B24B20%12%5B77%6%10B80%54B36@%12%5B92%6@B26B27"))))
 (incorporate (incorporate-types) incorporate-consts)
 (loadable-thydata ("grammardelta")
  ("grammar" "hol" "Hol4SmlMacro" "Hol4SmlOrder")))
