(theory
 ("Hol4SmlOrder"
  ("evaluateProps" . "9a4876a06416cb1940083058dd7ed95f8d7a967e"))
 (core-data
  (tables
   (string-table "list" "pair" "prod" "semanticPrimitives" "v" "mlstring"
    "namespace" "ast" "exp" "stamp" "num" "sem_env" "option" "id"
    "error_result" "store_v" "state" "result" "bool" "!" "min" "fun" ","
    "pat" "/\\" "0" "prim_rec" "<" "=" "match_result" "==>" "ALL_DISTINCT"
    "APPEND" "App" "op" "arithmetic" "BIT1" "BIT2" "string" "CHR" "char"
    "COND" "CONS" "Con" "Conv" "FOLDR" "Fun" "Ident" "IntLit" "lit"
    "integer" "int" "LENGTH" "LIST_REL" "Let" "Lit" "Litv" "MAP" "Mat"
    "Match" "NIL" "NONE" "NUMERAL" "Opapp" "Pany" "Pcon" "Pvar" "REVERSE"
    "Rabort" "abort" "Raise" "Rerr" "Rraise" "Rtimeout_error" "Rtype_error"
    "Rval" "SOME" "Short" "ZERO" "ZIP" "alist_to_ns" "build_conv"
    "evaluate" "dec_clock" "do_con_check" "do_opapp" "fix_clock" "implode"
    "int_of_num" "Hol4SmlOrder" "lower_sml_application_ltr"
    "lower_sml_con_ltr" "lower_sml_sequence_list" "nsAppend" "nsLookup"
    "option_CASE" "pair_CASE" "pats_bindings" "pmatch_list"
    "recordtype.sem_env.seldef.c" "recordtype.sem_env.seldef.v"
    "recordtype.state.seldef.clock" "result_CASE"
    "sml_application_ltr_reference" "sml_con_ltr_reference"
    "sml_sequence_list_derived" "sml_sequence_list_reference"
    "source_closure_environment_is_preserved"
    "sml_sequence_list_reference_def" "sml_sequence_list_derived_def"
    "sml_con_ltr_reference_def" "sml_application_ltr_reference_def"
    "pmatch_capture_variables" "lowered_tuple_raises_first"
    "lowered_tuple_keeps_value_order" "lower_sml_sequence_list_def"
    "lower_sml_sequence_list_correct" "lower_sml_con_ltr_def"
    "lower_sml_con_ltr_correct" "lower_sml_application_ltr_def"
    "lower_sml_application_ltr_correct"
    "lower_sequence_matches_derived_form" "evaluate_variable_list"
    "derived_sequence_list_correct" "construct_from_variable_list"
    "captured_variable_lookups" "capture_pattern_bindings"
    "apply_from_variable_list" "combin" "cv" "namespaceProps" "numeral" ""
    "workspace" "scratch" "7755a98cf62b" "new-proof-evidence"
    "run-WGuGbEVm" "macros" "build-iq8cjwHI" "Hol4SmlOrderScript.sml"
    "rich_list" "semanticPrimitivesProps" "evaluateProps"
    "folMappingContext" "normalFormsContext" "alist")
   (id-table (0 . 0) (1 . 2) (3 . 4) (5 . 5) (6 . 6) (7 . 8) (3 . 9)
    (10 . 10) (3 . 11) (12 . 12) (6 . 13) (3 . 14) (3 . 15) (3 . 16)
    (3 . 17) (18 . 19) (20 . 21) (20 . 18) (1 . 22) (7 . 23) (18 . 24)
    (10 . 25) (26 . 27) (20 . 28) (3 . 29) (20 . 30) (0 . 31) (0 . 32)
    (7 . 33) (7 . 34) (35 . 36) (35 . 37) (38 . 39) (38 . 40) (18 . 41)
    (0 . 42) (7 . 43) (3 . 44) (0 . 45) (7 . 46) (7 . 47) (7 . 48) (7 . 49)
    (50 . 51) (0 . 52) (0 . 53) (7 . 54) (7 . 55) (3 . 56) (0 . 57)
    (7 . 58) (3 . 59) (0 . 60) (12 . 61) (35 . 62) (7 . 63) (7 . 64)
    (7 . 65) (7 . 66) (0 . 67) (3 . 68) (3 . 69) (7 . 70) (3 . 71) (3 . 72)
    (3 . 73) (3 . 74) (3 . 75) (12 . 76) (6 . 77) (35 . 78) (0 . 79)
    (6 . 80) (3 . 81) (82 . 83) (3 . 84) (3 . 85) (82 . 82) (82 . 86)
    (5 . 87) (50 . 88) (89 . 90) (89 . 91) (89 . 92) (6 . 93) (6 . 94)
    (12 . 95) (1 . 96) (7 . 97) (3 . 98) (3 . 99) (3 . 100) (3 . 101)
    (3 . 102) (89 . 103) (89 . 104) (89 . 105) (89 . 106))
   (type-table (2) (3) (1 1 0) (0 2) "'b" "'a" "'c" (4 6 5 4) (5) (6) (7)
    (1 10 9) (4 1 1 11) (8 0) (10 1 1) (9 14) (11 0) (0 8) (0 5) (0 1)
    (12 0) (0 20) (13 5) (1 13 8) (0 0) (14 24 0) (0 4) (17) (16 8 27)
    (16 28 27) (16 17 27) (16 30 27) (16 19 27) (16 32 27) (16 3 27)
    (16 34 27) (16 24 27) (16 36 27) (16 15 27) (16 38 27) (16 13 27)
    (16 40 27) (16 22 27) (16 42 27) (1 18 26) (16 26 44) (16 18 45)
    (1 19 24) (16 24 47) (16 19 48) (19) (1 50 8) (16 8 51) (16 50 52)
    (1 22 25) (16 25 54) (16 22 55) (16 27 27) (16 27 57) (16 10 27)
    (16 10 59) (16 8 28) (16 19 32) (24 3) (16 63 27) (16 63 64) (9 4)
    (16 66 27) (16 66 67) (9 0) (16 69 27) (16 69 70) (16 54 27) (16 54 72)
    (16 18 27) (16 3 3) (16 3 75) (16 17 8) (29) (16 78 77) (16 10 10) (33)
    (16 10 81) (16 54 54) (16 54 83) (16 27 84) (0 81) (16 86 86)
    (16 81 87) (16 17 17) (16 8 89) (16 19 19) (16 1 91) (0 51) (16 93 93)
    (16 51 94) (16 24 24) (16 0 96) (16 15 77) (16 24 0) (9 9) (16 100 99)
    (16 8 77) (16 8 8) (16 8 103) (16 104 102) (16 1 103) (16 14 8) (42)
    (43) (16 109 108) (16 18 10) (16 26 10) (16 17 10) (16 19 10)
    (16 24 10) (16 26 27) (16 18 116) (16 4 27) (16 5 118) (16 119 117)
    (16 19 36) (16 0 27) (16 1 122) (16 123 121) (9 1) (16 125 104)
    (16 108 8) (16 108 0) (16 19 17) (16 1 8) (16 130 129) (0 50)
    (16 19 132) (16 1 50) (16 134 133) (16 93 8) (16 8 136) (16 3 63)
    (16 132 50) (16 15 139) (61) (16 141 16) (16 16 25) (16 0 16)
    (16 24 25) (16 4 66) (16 0 69) (10 6 5) (16 5 148) (16 1 14) (1 5 4)
    (0 151) (16 44 152) (16 47 3) (16 152 7) (16 24 69) (16 15 156)
    (16 12 157) (16 22 22) (16 15 59) (16 12 160) (9 23) (16 24 162)
    (16 17 54) (16 13 164) (16 22 165) (16 22 83) (16 86 1) (16 10 109)
    (16 19 8) (16 17 170) (16 15 171) (16 17 103) (16 7 7) (16 7 174)
    (16 148 66) (16 7 176) (16 14 69) (4 1 1 0) (16 179 178) (16 23 54)
    (16 181 54) (16 54 182) (16 162 183) (16 0 54) (16 185 54) (16 54 186)
    (16 69 187) (16 8 54) (16 13 189) (16 190 54) (16 23 191) (16 56 54)
    (16 54 193) (16 132 19) (16 24 138) (16 132 196) (16 21 197)
    (16 12 198) (16 13 12) (16 13 179) (16 22 10) (16 16 54) (16 203 54)
    (16 24 54) (16 205 204) (16 25 206) (16 15 164) (16 13 208) (16 22 209)
    (16 17 189) (16 13 211) (16 22 212) (16 17 28) (16 13 214) (16 22 215)
    (16 216 27) (16 217 27))
   (term-table ("acc" 3) ("base" 7) ("body" 8) ("c" 12) ("call_env" 13)
    ("cn" 15) ("env" 13) ("err" 16) ("es" 17) ("first" 8) ("first_id" 14)
    ("first_value" 0) ("n" 1) ("name" 5) ("name" 1) ("names" 18)
    ("names" 19) ("refs" 21) ("rest" 8) ("rest" 17) ("result_exp" 8)
    ("second_id" 14) ("st" 22) ("st'" 22) ("v" 23) ("v1" 25) ("v2" 25)
    ("value" 4) ("value" 0) ("values" 26) ("values" 24) ("vs" 24) (15 29)
    (15 31) (15 33) (15 35) (15 37) (15 39) (15 41) (15 43) (18 46) (18 49)
    (18 53) (18 56) (20 58) (21 10) (22 60) (23 61) (23 62) (23 65) (23 60)
    (23 68) (23 71) (23 73) (25 58) (26 74) (26 32) (27 76) (28 79) (30 80)
    (31 80) (32 82) (34 85) (35 88) (35 90) (35 92) (35 95) (35 97) (36 98)
    (37 101) (38 105) (39 106) (40 107) (41 110) (44 111) (44 112) (44 113)
    (44 114) (44 115) (45 120) (45 124) (46 126) (47 127) (48 128) (49 131)
    (49 135) (50 137) (51 138) (52 86) (52 17) (52 19) (52 93) (52 24)
    (53 15) (53 125) (53 100) (54 80) (55 78) (56 50) (57 140) (58 134)
    (59 89) (59 91) (59 75) (60 142) (62 103) (63 143) (64 144) (65 141)
    (66 141) (67 145) (68 146) (68 147) (69 149) (69 150) (70 10) (71 153)
    (71 154) (72 155) (73 158) (74 159) (75 161) (76 163) (77 166) (78 167)
    (79 168) (80 169) (81 171) (82 172) (83 173) (84 175) (85 177) (85 180)
    (86 184) (86 188) (87 192) (87 194) (88 195) (89 199) (90 200) (91 201)
    (92 202) (93 207) (94 166) (95 210) (96 173) (97 213) ("P" 216) ("h" 8)
    ("l" 17) ("t" 17) (15 218))) exports (nil) (nil)
  ((107
    (((89 20) (89 8 17) (35 1 2 3 4 5 7 8 49 54 93 115 214 222) (7 486)
      (18 25 31 35 50 51 54 56 58 63 64 65 96 101 104 105 133 154) (128 13)
      (129 31 32 35 36 37 42 53 55 57 59 61 63 65 66 67 68 69 76 81 82)
      (82 0 17) (50 173) (0 17 33 40 178 315 742 743) (5 246) (6 132)
      (130 39) (131 0 3 6 7) (12 7) (1 4 65) (3 64 95 197 351 443 652 678)
      (38 3)) "DISK_THM") (2 0 1 239 132 133 134 135 136 137 138 139 140)
    ("%6U140%115U60U59U60U59U59U60U96U61%115U60U60U59U59U59U59U96U61%115U60U59U60U60U59U60U96U61%115U60U59U60U59U60U96U61%115U60U59U59U59U59U59U96U61%115U60U60U59U60U59U59U96U61%115U60U59U60U60U60U59U96U61%115U60U59U60U60U59U60U96U61%115U60U59U59U59U59U59U96U61%115U60U59U59U60U59U59U96U61%115U60U59U59U59U60U59U96U61%115U60U60U59U59U59U60U96U61%115U60U60U59U60U59U60U96U61%115U60U60U59U60U60U59U96U61%115U60U60U59U59U60U60U96U61%115U60U59U59U60U60U59U96U61%115U60U59U59U59U59U59U96U61%115U60U59U59U59U60U96U61%88B63B63B63B63B63B63B63B63B63B63B63B63B63B63B63B63B63B63U125U114B132%115U59U60U59U60U59U96U126U73U83U112B52%45%22U141B46B44%22%6B123%115U60U59U60U59U60U59U96U61%115U60U59U60U59U59U59U96U61%115U60U59U60U60U60U60U96U61%115U60U60U59U59U59U59U96U61%115U60U60U59U59U60U60U96U61%115U60U59U59U60U60U59U96U61%115U60U59U59U60U59U60U96U61%88B63B63B63B63B63B63B63U125%115U60U59U60U59U59U60U96U61%115U60U60U59U59U59U59U96U61%115U60U59U60U60U59U60U96U61%115U60U59U60U59U60U96U61%115U60U59U59U59U59U59U96U61%115U60U60U59U60U59U59U96U61%115U60U59U60U60U60U59U96U61%115U60U59U60U60U59U60U96U61%115U60U59U59U59U59U59U96U61%115U60U59U59U60U59U59U96U61%115U60U59U59U59U60U59U96U61%115U60U60U59U59U59U60U96U61%115U60U60U59U60U59U60U96U61%115U60U60U59U60U60U59U96U61%115U60U60U59U59U60U60U96U61%115U60U59U59U60U60U59U96U61%115U60U59U59U59U59U59U96U61%115U60U59U59U59U60U96U61%88B63B63B63B63B63B63B63B63B63B63B63B63B63B63B63B63B63B63U125U114U72B71%115U59U59U59U96U126U73U82%89B64B64%115U60U59U60U59U59U60U96U61%115U60U60U59U59U59U59U96U61%115U60U59U60U60U59U60U96U61%115U60U59U60U59U60U96U61%115U60U59U59U59U59U59U96U61%115U60U60U59U60U59U59U96U61%115U60U59U60U60U60U59U96U61%115U60U59U60U60U59U60U96U61%115U60U59U59U59U59U59U96U61%115U60U59U59U60U59U59U96U61%115U60U59U59U59U60U59U96U61%115U60U60U59U59U59U60U96U61%115U60U60U59U60U59U60U96U61%115U60U60U59U60U60U59U96U61%115U60U60U59U59U60U60U96U61%115U60U59U59U60U60U59U96U61%115U60U59U59U59U59U59U96U61%115U60U59U59U59U60U96U61%88B63B63B63B63B63B63B63B63B63B63B63B63B63B63B63B63B63B63U125%115U60U59U60U59U59U60U96U61%115U60U60U59U59U59U59U96U61%115U60U59U60U60U59U60U96U61%115U60U59U60U59U60U96U61%115U60U59U59U59U59U59U96U61%115U60U60U59U60U59U59U96U61%115U60U59U60U60U60U59U96U61%115U60U59U60U60U59U60U96U61%115U60U59U59U59U59U59U96U61%115U60U59U59U60U59U59U96U61%115U60U59U59U59U60U59U96U61%115U60U60U59U59U59U60U96U61%115U60U60U59U60U59U60U96U61%115U60U60U59U60U60U59U96U61%115U60U60U59U59U60U60U96U61%115U60U59U59U60U60U59U96U61%115U60U59U59U59U59U59U96U61%115U60U59U59U60U59U96U61%88B63B63B63B63B63B63B63B63B63B63B63B63B63B63B63B63B63B63U125%90B65B65B127%89B64@%22U120%115U59U60U59U60U59U96U126U73U83%92B67U110B43B53B54"))
   (108 (((89 1) (0 734)) "DISK_THM")
    (1 0 1 15 132 133 134 135 136 137 138 139 140)
    ("%22%6%20$2$1B146%89@$0@$2$1B123$0%89B64@B53|U32|U38|U39%22%6%9%19%20$4$3B146$2$1B64@$0@$4$4$3B123$2%89B64@B124%23%25$0%31$2$6B146$4@$3@|B142%7$2$0U106B43|@||B136B53|U32|U33|U32|U38|U39B44"))
   (109 (((89 2))) (1 0 1 26 132 133 134 135 136 137 138 139 140)
    ("%8%20$1$0B145%9%18$1%98$0B42%91B66B86||$0B70$1@B47|U32|U33"))
   (110 (((89 9))) (1 0 1 88 132 133 134 135 136 137 138 139 140)
    ("%22%6%5%8$3$2B144$1@$0@$3$2B123$0@%23%25$0%31$5U139$4B119$0@$2%109U104U106B43B134%28$3$0%92B67U110B43|@|B142%7$2$0U106B43|@||B136B53|U33|U37|U38|U39"))
   (111 (((89 8))) (1 0 1 73 132 133 134 135 136 137 138 139 140)
    ("%22%6%8$2$1B143$0@$2$2$1B123$0@B124%23%26$0%31$0U122$2%109U104U106B43B133%24$0%4%2$5U141%45B50$5%108U104U106B43B62$5U120$1B123$0%89B64@2||B135|@|B142%7$2$0U106B43|@||B136B53|U33|U38|U39"))
   (112
    (((89 10) (35 536) (18 14 25 27 35 52 56 58 63 105 128)
      (0 38 40 41 82 84 95 242) (26 1) (141 728) (3 392 414 726))
     "DISK_THM") (2 0 1 98 132 133 134 135 136 137 138 139 140)
    ("%16%30%0$2U77$1U78B50%3%17B138%100$2B85@$1@$0@$2$1B41U117U103$0B57U87B49B54|U35|U36|U34"))
   (113
    (((89 18) (89 6) (18 25 50 52 56 58 105 128 133 154) (128 13) (82 17)
      (0 33 38 41 242) (12 7) (1 4 8 65) (3 64 197 364 669 678))
     "DISK_THM") (2 0 1 220 132 133 134 135 136 137 138 139 140)
    ("%6U140%10B132%11U112B52%22%6B123%93%10U72U105%21U72U105%89B64B64B128%115U60U59U60U60U59U60U96U61%115U60U59U59U60U60U59U96U61%115U60U59U59U60U60U60U96U61%115U60U60U59U60U59U60U96U61%88B63B63B63B63U125%115U60U60U59U59U60U60U96U61%115U60U59U60U59U60U59U96U61%115U60U59U60U59U59U59U96U61%115U60U59U60U59U59U60U96U61%115U60U60U59U60U59U60U96U61%88B63B63B63B63B63U125%90B65B65@%89B64@%22%11U107U106B43B53B54"))
   (114
    (((89 19) (89 9 15) (7 486) (18 25 50 51 54 56 58 63 105) (82 17)
      (50 173) (0 33 40 178 315 742 743) (5 246) (131 0 3 6 7) (12 7)
      (1 4 65) (3 197 364 374 652 678) (38 3)) "DISK_THM")
    (2 0 1 229 132 133 134 135 136 137 138 139 140)
    ("%22%6B123%93%115U59U96U126U73U82%115U60U96U126U73U82%115U59U59U96U126U73U82%89B64B64B64B128%115U60U59U60U60U59U60U96U61%115U60U59U59U60U60U59U96U61%115U60U59U59U60U60U60U96U61%115U60U60U59U60U59U60U96U61%88B63B63B63B63U125%115U60U59U60U60U60U59U96U61%115U60U59U60U59U60U59U96U61%115U60U59U59U60U59U60U96U61%115U60U59U59U60U59U60U96U61%115U60U59U60U60U59U60U96U61%115U60U59U59U60U60U59U96U61%88B63B63B63B63B63B63U125%115U60U60U59U59U60U60U96U61%115U60U59U60U59U60U59U96U61%115U60U59U60U59U59U59U96U61%115U60U59U60U59U59U60U96U61%115U60U60U59U60U59U60U96U61%88B63B63B63B63B63U125%90B65B65B65@%89B64@%22%95%115U59U96U126U73U83%115U60U96U126U73U83%115U59U59U96U126U73U83%92B67B67B67B69%92B67U110B43B53"))
   (115 (((89 0))) (1 0 1 10 132 133 134 135 136 137 138 139 140)
    ("%8%20$1$0B129%9%18%94$1B81$0@||$0B70$1@B47|U32|U33"))
   (116
    (((89 3) (89 0 1) (18 14 25 35 56) (82 14 17) (0 45 82) (6 99) (12 7)
      (1 5 65) (142 0)) "DISK_THM")
    (2 0 1 31 132 133 134 135 136 137 138 139 140)
    ("%8%22%6%20$2$1B123$3$0B129%89B64@$2$1B146$3@$0@B53|U32|U38|U39|U33"))
   (117 (((89 6))) (1 0 1 59 132 133 134 135 136 137 138 139 140)
    ("%5%8%16$2$1B128$0@%93$1U101B68%93%100$0U102B85B99$2%12$0U114U72|$0B84B68B42%91B66B86B47|U34|U33|U37"))
   (118
    (((89 15) (89 6 9 10 11 13 14) (7 465)
      (18 25 50 52 54 55 56 58 63 93 95 101 105 114 128 133 154) (128 13)
      (82 17) (143 43) (144 0 1 2 4 5) (0 33 41 94 100 244 247)
      (145 2 6 7 11 17) (12 7) (1 4 5 8 65) (141 131 416)
      (3 64 197 364 374 392 414 415 677 678 724)) "DISK_THM")
    (2 0 1 152 132 133 134 135 136 137 138 139 140)
    ("%16U56%16U77%8U76B50%6U139%5B121%8U76@B44B44%22%6B123%5%8B128%16@%89B64@%22%6B144%5@%8@B53B54"))
   (119 (((89 7))) (1 0 1 66 132 133 134 135 136 137 138 139 140)
    ("%8%16$1$0B127%93$1U101B68%93%100$0U102B85B99%97%12$0U114U72|$0B84B58B42%91B66B86B47|U34|U33"))
   (120
    (((89 17) (89 7 8 10 11 13 16) (7 314 465)
      (18 25 50 52 54 55 56 58 63 93 95 101 105 114 128 133 154) (128 13)
      (82 14 17) (143 43) (144 0 1 2 4 5) (0 33 41 94 100 244 247)
      (145 2 6 7 11 17) (12 7) (1 4 5 8 65) (141 131 416)
      (3 17 25 64 197 364 374 392 414 415 677 678 724)) "DISK_THM")
    (2 0 1 196 132 133 134 135 136 137 138 139 140)
    ("%16U56%16U77%8U76B50B44%22%6B123%8%16B127%89B64@%22%6B143%8@B53B54"))
   (121 (((89 5) (89 3 4) (18 25 56)) "DISK_THM")
    (2 0 1 52 132 133 134 135 136 137 138 139 140)
    ("%22%6B123%8%20B129%89B64@%22%6B123%8%20B145%89B64@B53"))
   (122
    (((89 12) (18 14 25 27 35 50 52 56 58 63 105 128) (82 17) (143 46)
      (0 38 41 82 84 191 743) (12 7) (1 4 65) (3 197 678)) "DISK_THM")
    (2 0 1 114 132 133 134 135 136 137 138 139 140)
    ("%16%30%22%6%14%28$2U140$1U114B132$0U112B52||$3B80$2@$1$0B123%14$0U114U72|$3B84@$1$2U110B43B53B54|U38|U39|U36|U34"))
   (123
    (((89 4) (89 1 2) (7 465) (18 14 25 35 50 54 56 58 63 105 114 133 154)
      (82 14 17) (0 41 45 82 315) (130 25 26) (1 5 8 65)
      (3 392 414 415 724) (142 0)) "DISK_THM")
    (2 0 1 41 132 133 134 135 136 137 138 139 140)
    ("%8%22%6%20$2$1B123$3$0B145%89B64@$2$1B146$3@$0@B53|U32|U38|U39|U33"))
   (124
    (((89 14) (89 12) (18 25 56 58 63 105 133 154) (82 17) (0 100 244)
      (1 65) (141 131 419) (3 197)) "DISK_THM")
    (2 0 1 137 132 133 134 135 136 137 138 139 140)
    ("%14%28%6U140$1U114B132$0U112B52||%16B80%30@%6U139%5B121%16U77@B44%22%6B123%5%14$0U114U72|%16B84B68%89B64@%6U139%5B119%30@%22%109U104U106B43B134%28%22$0%92B67U110B43|@B53B54"))
   (125
    (((89 13) (146 41)
      (18 2 15 25 26 50 52 54 55 56 58 63 74 75 84 93 95 99 101 105 128)
      (144 0 1 2 4 5) (0 196 225 232 235) (130 54 61)
      (145 1 2 11 12 13 17 18) (12 119) (1 8 9)) "DISK_THM")
    (2 0 1 124 132 133 134 135 136 137 138 139 140)
    ("%15U55%15U74%29U75B50B44%13%27%15%29B40U116U118%1B130$1U113B131$0U111B51||%15B79%29@B54"))
   (126
    (((89 11) (7 465) (18 14 25 35 50 56 58 63)
      (0 38 41 82 94 95 158 242 243 743)) "DISK_THM")
    (2 0 1 108 132 133 134 135 136 137 138 139 140)
    ("%16%100$0B85U137$0U102B48|U34"))
   (127
    (((89 16) (89 12) (7 314) (18 25 56 58 63) (82 17) (0 244) (1 65)
      (141 131 419) (3 17 25 197)) "DISK_THM")
    (2 0 1 178 132 133 134 135 136 137 138 139 140)
    ("%14%28%6U140$1U114B132$0U112B52||%16B80%30@%22%6B123%97%14$0U114U72|%16B84B58%89B64@%30U122%22%109U104U106B43B133%24$0%4%2%22U141%45B50%22%108U104U106B43B62%22U120$1B123$0%89B64@2||B135|@B53B54"))))
 (incorporate (incorporate-types) incorporate-consts
  ("sml_sequence_list_reference" . 213) ("sml_sequence_list_derived" . 173)
  ("sml_con_ltr_reference" . 210) ("sml_application_ltr_reference" . 166)
  ("lower_sml_sequence_list" . 173) ("lower_sml_con_ltr" . 172)
  ("lower_sml_application_ltr" . 171))
 (loadable-thydata
  ("userdef.deltas" (tag-knm 89 . 115) (tag-knm 89 . 115)
   (tag-knm 89 . 108) (tag-knm 89 . 108) (tag-knm 89 . 109)
   (tag-knm 89 . 109) (tag-knm 89 . 117) (tag-knm 89 . 117)
   (tag-knm 89 . 119) (tag-knm 89 . 119) (tag-knm 89 . 111)
   (tag-knm 89 . 111) (tag-knm 89 . 110) (tag-knm 89 . 110))
  ("grammardelta" (OO "lower_sml_sequence_list" (tag-tm . "%129"))
   (OO "sml_sequence_list_reference" (tag-tm . "%146"))
   (OO "sml_sequence_list_derived" (tag-tm . "%145"))
   (OO "lower_sml_con_ltr" (tag-tm . "%128"))
   (OO "lower_sml_application_ltr" (tag-tm . "%127"))
   (OO "sml_application_ltr_reference" (tag-tm . "%143"))
   (OO "sml_con_ltr_reference" (tag-tm . "%144")))
  ("grammar" "hol" "evaluate" "semanticPrimitives" "ast" "namespace"
   "evaluateProps" "namespaceProps" "list" "rich_list" "alist")
  ("compute" (tag-knm 89 . 115) (tag-knm 89 . 108) (tag-knm 89 . 109)
   (tag-knm 89 . 117) (tag-knm 89 . 119) (tag-knm 89 . 111)
   (tag-knm 89 . 110))
  ("DefnBase.indn.deltas"
   ((tag-th ("Hol4SmlOrder" 22 (("bool" 26) ("list" 82)) ("DISK_THM"))
     ("%147%22%6%20$2$1b3%89@$0@|U32|U38|U39%150%148%22%6%20%22%6%20$2$1b8$7@$0@|U32|U38|U39$2$1b5$3$4B64@$0@B54|U32|U38|U39|U32|U33B44%22%6%149%20$3$2b4$1@$0@|U32|U33|U38|U39B54|U151")
     "Hol4SmlOrder" 0) (tag-tm . "%146")))))
