(theory
 ("semanticPrimitivesProps"
  ("namespaceProps" . "772230523597a25e65f54aa5b545e3bcd9946eda")
  ("semanticPrimitives" . "2e071d4d7d2e68f0207eb2fa6f44759f1b899e80"))
 (core-data
  (tables
   (string-table "min" "fun" "bool" "ast" "dec" "semanticPrimitives"
    "match_result" "error_result" "result" "store_v" "lit" "word_size"
    "num" "shift" "exp" "list" "pair" "prod" "pat" "mlstring" "abort"
    "arith" "v" "fcp" "cart" "bit0" "one" "string" "char" "namespace"
    "stamp" "option" "id" "integer" "int" "sem_env" "ffi" "ffi_state"
    "location" "locs" "thunk_mode" "op" "final_event" "state" "ast_t"
    "test" "prim_type" "thunk_op" "sum" "lop" "!" "," "/\\" "0" "prim_rec"
    "<" "=" "eq_result" "oracle_result" "ffiname" "io_event" "==>"
    "arithmetic" ">=" "?" "@" "ABS" "ALL_DISTINCT" "alist" "ALOOKUP"
    "APPEND" "ARB" "Aalloc" "AallocEmpty" "AallocFixed" "Alength" "App"
    "Arith" "Asr" "Asub" "Asub_unsafe" "Aupdate" "Aupdate_unsafe"
    "Aw8alloc" "Aw8length" "Aw8sub" "Aw8sub_unsafe" "Aw8update"
    "Aw8update_unsafe" "pred_set" "BIGUNION" "BoolT" "Boolv" "CONS" "Char"
    "CharT" "Closure" "Con" "ConfigGC" "Conv" "CopyAw8Aw8" "CopyAw8Str"
    "CopyStrAw8" "CopyStrStr" "DIFF" "Denv" "Dexn" "Dlet" "Dletrec"
    "Dlocal" "Dmod" "Dtabbrev" "Dtype" "EL" "EMPTY" "EVERY" "Env" "Env_id"
    "Eq_val" "Equality" "Explode" "ExtCall" "F" "FFI" "FLAT" "FST"
    "semanticPrimitivesProps" "FV" "FV_dec" "FV_defs" "FV_list" "FV_pes"
    "Float64" "Float64T" "FromTo" "Fun" "Handle" "combin" "I" "IMAGE" "INR"
    "INSERT" "IO_event" "If" "Implode" "IntLit" "IntT" "K" "LENGTH"
    "LIST_REL" "LIST_TO_SET" "LUPDATE" "Lannot" "Let" "Letrec" "ListAppend"
    "Lit" "Litv" "Loc" "Log" "Lsl" "Lsr" "MAP" "Mat" "Match"
    "Match_type_error" "NIL" "NONE" "No_match" "Num" "relation" "O" "ORD"
    "Opassign" "Opderef" "Opref" "Oracle_return" "rich_list" "REPLICATE"
    "Rabort" "Raise" "Recclosure" "Refv" "Rerr" "Rffi_error" "Ror" "Rraise"
    "Rtimeout_error" "Rval" "SOME" "Shift" "Short" "StrLit" "StrT" "Strcat"
    "Strlen" "Strsub" "T" "Tannot" "Test" "Thunk" "ThunkOp" "UNCURRY"
    "UNION" "Var" "Varray" "Vectorv" "VfromList" "Vlength" "Vsub"
    "Vsub_unsafe" "W64" "W8" "W8array" "WF" "WFREC" "Word64" "Word8"
    "WordT" "XorAw8Str_unsafe" "ZIP" "\\/" "alist_to_ns" "build_conv"
    "build_rec_env" "call_FFI" "ffi_result" "chars_to_ws" "check_type"
    "concrete_v" "concrete_v_list" "copy_array" "ctors_of_dec"
    "ctors_of_tdef" "dec_CASE" "dest_Refv" "do_app" "do_arith"
    "do_con_check" "do_conversion" "do_eq" "do_opapp" "do_shift" "do_test"
    "every_error_result" "every_result" "exc_rel" "explode"
    "extend_dec_env" "ffi_result_CASE" "find_recfun" "implode" "int_le"
    "int_lt" "int_of_num" "is_Refv" "list_to_v" "lit_same_type"
    "map_error_result" "map_match" "map_result" "map_sv" "words" "n2w"
    "nat_to_v" "nsAppend" "nsBind" "o" "option_CASE" "pat_bindings"
    "pats_bindings" "pmatch" "pmatch_list"
    "recordtype.ffi_state.seldef.ffi_state"
    "recordtype.ffi_state.seldef.io_events"
    "recordtype.ffi_state.seldef.oracle" "recordtype.sem_env.seldef.c"
    "recordtype.sem_env.seldef.c_fupd" "recordtype.sem_env.seldef.v"
    "recordtype.sem_env.seldef.v_fupd" "recordtype.state.seldef.clock"
    "recordtype.state.seldef.clock_fupd" "result_rel" "shift64_lookup"
    "shift8_lookup" "shift_lookup" "store_alloc" "store_assign"
    "store_lookup" "store_v_CASE" "store_v_vs" "store_vs" "strlen" "strlit"
    "sub_exn_v" "sum_CASE" "sv_every" "sv_rel" "v_to_char_list" "v_to_list"
    "vs_to_string" "word_asr" "word_lsl" "word_lsr" "word_ror"
    "ws_to_chars" "xor_bytes" "~" "with_same_v" "with_same_clock"
    "unchanged_env" "sv_rel_trans" "sv_rel_refl" "sv_rel_mono" "sv_rel_ind"
    "sv_rel_def" "sv_rel_cases" "sv_rel_O" "sv_every_ind" "sv_every_def"
    "store_vs_def" "store_v_vs_def" "shift_lookup_def" "result_rel_trans"
    "result_rel_refl" "result_rel_ind" "result_rel_def" "result_rel_Rval"
    "result_rel_Rerr2" "result_rel_Rerr1" "prim_type_cases"
    "pmatch_nsAppend_No_match" "pmatch_nsAppend_Match" "pmatch_nsAppend"
    "pmatch_extend" "pmatch_append" "pmatch_acc" "pat_bindings_accum"
    "nat_to_v_11" "map_sv_def" "map_sv_compose" "map_result_def"
    "map_result_Rval" "map_result_Rerr" "map_match_ind" "map_match_def"
    "map_error_result_def" "map_error_result_Rtype_error"
    "map_error_result_I" "lit_same_type_sym" "lit_same_type_refl"
    "is_Refv_ind" "is_Refv_def_primitive" "is_Refv_def" "find_recfun_el"
    "find_recfun_ALOOKUP" "extend_dec_env_assoc" "exc_rel_type_error2"
    "exc_rel_type_error1" "exc_rel_trans" "exc_rel_refl" "exc_rel_raise2"
    "exc_rel_raise1" "exc_rel_ind" "exc_rel_def" "every_result_def"
    "every_error_result_def" "do_shift_ind" "do_shift_def" "do_opapp_cases"
    "do_conversion_check_type" "do_con_check_build_conv"
    "do_arith_check_type" "do_app_type_error" "do_app_not_timeout"
    "do_app_ffi_unchanged" "do_app_ffi_changed" "do_app_cases"
    "do_app_SOME_ffi_same" "do_app_NONE_ffi" "dest_Refv_def"
    "ctors_of_tdef_def" "ctors_of_dec_ind" "ctors_of_dec_def_primitive"
    "ctors_of_dec_def" "concrete_v_simps" "build_rec_env_merge"
    "LIST_REL_store_vs_intro" "FV_pes_MAP" "FV_ind" "FV_defs_MAP" "FV_def"
    "FV_dec_def" "EVERY_sv_every_MAP_map_sv"
    "EVERY_sv_every_EVERY_store_vs" "EVERY_store_vs_intro" "Boolv_11" ""
    "$(CAKEMLDIR)" "semantics" "proofs" "semanticPrimitivesPropsScript.sml"
    "folMappingContext" "normalFormsContext" "Canon_Port_Context"
    "mesonLibContext" "namespaceProps" "binary_ieee" "cv" "fpSem" "llist"
    "misc" "sptree" "ternaryComparisons" "toto" "boolSimpsContext" "marker"
    "basicSize" "canonContext" "numeral" "GSPEC" "IN")
   (id-table (0 . 1) (0 . 2) (3 . 4) (5 . 6) (5 . 7) (5 . 8) (5 . 9)
    (3 . 10) (3 . 11) (12 . 12) (3 . 13) (3 . 14) (15 . 15) (16 . 17)
    (3 . 18) (19 . 19) (5 . 20) (3 . 21) (5 . 22) (23 . 24) (23 . 25)
    (26 . 26) (27 . 28) (29 . 29) (5 . 30) (31 . 31) (29 . 32) (33 . 34)
    (5 . 35) (36 . 37) (38 . 39) (3 . 40) (3 . 41) (36 . 42) (5 . 43)
    (3 . 44) (3 . 45) (3 . 46) (3 . 47) (48 . 48) (3 . 49) (2 . 50)
    (16 . 51) (2 . 52) (12 . 53) (54 . 55) (0 . 56) (5 . 57) (36 . 58)
    (36 . 59) (36 . 60) (0 . 61) (62 . 63) (2 . 64) (0 . 65) (33 . 66)
    (15 . 67) (68 . 69) (15 . 70) (2 . 71) (3 . 72) (3 . 73) (3 . 74)
    (3 . 75) (3 . 76) (3 . 77) (3 . 78) (3 . 79) (3 . 80) (3 . 81) (3 . 82)
    (3 . 83) (3 . 84) (3 . 85) (3 . 86) (3 . 87) (3 . 88) (89 . 90)
    (3 . 91) (5 . 92) (15 . 93) (3 . 94) (3 . 95) (5 . 96) (3 . 97)
    (3 . 98) (5 . 99) (3 . 100) (3 . 101) (3 . 102) (3 . 103) (89 . 104)
    (3 . 105) (3 . 106) (3 . 107) (3 . 108) (3 . 109) (3 . 110) (3 . 111)
    (3 . 112) (15 . 113) (89 . 114) (15 . 115) (5 . 116) (3 . 117)
    (5 . 118) (3 . 119) (3 . 120) (36 . 121) (2 . 122) (3 . 123) (15 . 124)
    (16 . 125) (126 . 127) (126 . 128) (126 . 129) (126 . 130) (126 . 131)
    (3 . 132) (3 . 133) (3 . 134) (3 . 135) (3 . 136) (137 . 138)
    (89 . 139) (48 . 140) (89 . 141) (36 . 142) (3 . 143) (3 . 144)
    (3 . 145) (3 . 146) (137 . 147) (15 . 148) (15 . 149) (15 . 150)
    (15 . 151) (3 . 152) (3 . 153) (3 . 154) (3 . 155) (3 . 156) (5 . 157)
    (5 . 158) (3 . 159) (3 . 160) (3 . 161) (15 . 162) (3 . 163) (5 . 164)
    (5 . 165) (15 . 166) (31 . 167) (5 . 168) (33 . 169) (170 . 171)
    (27 . 172) (3 . 173) (3 . 174) (3 . 175) (36 . 176) (177 . 178)
    (5 . 179) (3 . 180) (5 . 181) (5 . 182) (5 . 183) (5 . 184) (3 . 185)
    (5 . 186) (5 . 187) (5 . 188) (31 . 189) (3 . 190) (29 . 191) (3 . 192)
    (3 . 193) (3 . 194) (3 . 195) (3 . 196) (2 . 197) (3 . 198) (3 . 199)
    (5 . 200) (3 . 201) (16 . 202) (89 . 203) (3 . 204) (5 . 205) (5 . 206)
    (3 . 207) (3 . 208) (3 . 209) (3 . 210) (3 . 211) (3 . 212) (5 . 213)
    (170 . 214) (170 . 215) (3 . 216) (3 . 217) (3 . 218) (3 . 219)
    (15 . 220) (2 . 221) (29 . 222) (5 . 223) (5 . 224) (36 . 225)
    (36 . 226) (5 . 227) (5 . 228) (5 . 229) (5 . 230) (5 . 231)
    (126 . 232) (126 . 233) (3 . 234) (126 . 235) (5 . 236) (5 . 237)
    (5 . 238) (5 . 239) (5 . 240) (5 . 241) (126 . 242) (5 . 243)
    (126 . 244) (126 . 245) (126 . 246) (19 . 247) (5 . 248) (36 . 249)
    (5 . 250) (19 . 251) (33 . 252) (33 . 253) (33 . 254) (126 . 255)
    (5 . 256) (5 . 257) (126 . 258) (126 . 259) (126 . 260) (126 . 261)
    (262 . 263) (5 . 264) (29 . 265) (29 . 266) (137 . 267) (31 . 268)
    (3 . 269) (3 . 270) (5 . 271) (5 . 272) (36 . 273) (36 . 274)
    (36 . 275) (5 . 276) (5 . 277) (5 . 278) (5 . 279) (5 . 280) (5 . 281)
    (126 . 282) (5 . 283) (5 . 284) (126 . 285) (5 . 286) (5 . 287)
    (5 . 288) (5 . 289) (126 . 290) (126 . 291) (19 . 292) (19 . 293)
    (5 . 294) (48 . 295) (126 . 296) (126 . 297) (5 . 47) (5 . 298)
    (5 . 299) (5 . 300) (262 . 301) (262 . 302) (262 . 303) (262 . 304)
    (5 . 305) (5 . 306) (2 . 307) (89 . 420) (2 . 421))
   (type-table (1) "'a" (0 1 0) "'b" (0 3 0) (0 1 4) (2) (0 6 0) (3 1)
    (0 8 0) (0 1 1) (0 10 9) (4 3) (0 12 0) (4 1) (0 14 13) (0 5 15) "'d"
    (5 3 17) (0 18 0) "'c" (5 1 20) (0 21 19) (0 17 0) (0 20 23) (0 24 22)
    (0 5 25) (6 3) (0 27 0) (6 1) (0 29 28) (0 5 30) (7) (0 32 0) (8)
    (0 34 33) (9) (0 36 35) (10) (0 38 37) (0 29 0) (0 2 40) (11) (0 42 0)
    (12 42) (0 44 0) (14) (13 46 42) (12 47) (0 48 0) (15) (13 50 42)
    (13 50 51) (12 52) (0 53 0) (0 1 2) (0 6 7) (0 29 40) (0 3 4) (0 20 2)
    (16) (17) (4 17) (12 50) (18) (12 64) (21) (20 66) (20 67) (20 68)
    (19 0 69) (12 70) (22) (24) (13 36 73) (23 50 50 74) (26 50 50) (25 76)
    (13 1 17) (12 78) (12 72) (0 6 63) (27) (4 20) (13 36 36) (5 20 17)
    (28 64) (13 50 64) (12 87) (28 1) "'v" (28 90) (23 50 50 64) (0 3 1)
    (0 20 1) (0 17 3) (29 1) (29 3) (13 1 3) (13 50 98) (12 99) (0 20 3)
    (30) (12 29) (12 27) (31) (32) (33) (12 46) (5 64 64) (6 64) (12 110)
    (13 111 96) "'ffi" (34 113) (25 73) (35) (12 116) (13 50 117) (12 118)
    (13 50 119) (13 63 120) (12 121) (36) (37) (38) (39 64 64) (20 69)
    (20 127) (20 128) (19 0 129) (12 6) (12 3) (12 1) (40) (5 1 3) (6 20)
    (25 50) (0 2 0) (0 4 0) (0 20 0) (0 140 0) (0 60 0) (0 142 0) (0 116 0)
    (0 144 0) (0 130 0) (0 146 0) (0 70 0) (0 148 0) (0 72 0) (0 150 0)
    (0 7 0) (0 14 0) (0 153 0) (0 13 0) (0 83 0) (0 156 0) (0 62 0)
    (0 158 0) (0 43 0) (0 96 0) (0 161 0) (0 107 0) (0 163 0) (0 10 0)
    (0 165 0) (0 138 0) (0 55 0) (0 168 0) (0 5 0) (0 170 0) (0 93 0)
    (0 172 0) (0 139 0) (0 94 0) (0 175 0) (0 59 0) (0 177 0) (0 24 0)
    (0 179 0) (0 95 0) (0 181 0) (0 152 0) (0 160 0) (0 11 0) (0 185 0)
    (0 41 0) (0 187 0) (0 16 0) (0 189 0) (0 26 0) (0 191 0) (0 31 0)
    (0 193 0) (0 45 0) (0 195 0) (0 54 0) (0 197 0) (0 49 0) (0 199 0)
    (0 39 0) (0 201 0) (0 40 0) (0 203 0) (0 76 0) (0 205 0) (0 82 0)
    (0 207 0) (0 133 0) (0 209 0) (0 132 0) (0 211 0) (0 117 0) (0 213 0)
    (0 71 0) (0 215 0) (0 131 0) (0 217 0) (0 63 0) (0 219 0) (0 108 0)
    (0 221 0) (0 79 0) (0 223 0) (0 122 0) (0 225 0) (0 100 0) (0 227 0)
    (0 88 0) (0 229 0) (0 103 0) (0 231 0) (0 104 0) (0 233 0) (0 111 0)
    (0 235 0) (0 65 0) (0 237 0) (0 33 0) (0 102 0) (0 240 0) (0 134 0)
    (0 242 0) (0 9 0) (0 50 0) (0 245 0) (0 75 0) (0 247 0) (0 92 0)
    (0 249 0) (0 36 0) (0 251 0) (0 106 0) (0 253 0) (0 77 0) (0 255 0)
    (0 137 0) (0 257 0) (0 46 0) (0 259 0) (0 124 0) (0 261 0) (0 135 0)
    (0 263 0) (0 21 0) (0 265 0) (0 19 0) (0 109 0) (0 268 0) (0 89 0)
    (0 270 0) (0 86 0) (0 272 0) (0 38 0) (0 274 0) (0 28 0) (0 105 0)
    (0 277 0) (0 64 0) (0 279 0) (0 34 0) (0 281 0) (0 3 98) (0 1 283)
    (13 20 79) (13 3 285) (0 285 286) (0 3 287) (0 79 285) (0 20 289)
    (13 71 82) (0 82 291) (0 71 292) (13 71 71) (0 71 294) (0 71 295)
    (13 80 82) (0 82 297) (0 80 298) (0 96 112) (0 111 300) (13 111 97)
    (0 97 302) (0 111 303) (13 111 36) (0 36 305) (0 111 306) (0 42 51)
    (0 50 308) (0 98 99) (0 50 310) (0 51 52) (0 50 312) (0 64 87)
    (0 50 314) (0 36 84) (0 36 316) (0 42 47) (0 46 318) (13 112 109)
    (0 109 320) (0 112 321) (13 302 109) (0 109 323) (0 302 324) (13 86 42)
    (0 42 326) (0 86 327) (0 0 0) (0 0 329) (0 36 251) (0 60 142) (47)
    (0 333 0) (0 333 334) (0 14 153) (0 12 13) (0 42 43) (0 96 161)
    (19 0 1) (0 36 340) (0 340 341) (0 342 0) (0 342 343) (0 81 0)
    (0 81 345) (48 1) (0 71 347) (0 71 348) (0 1 349) (49) (0 351 350)
    (0 352 0) (0 352 353) (0 205 206) (0 40 203) (0 136 28) (0 357 0)
    (0 357 358) (0 133 209) (0 71 215) (50) (12 362) (0 363 0) (0 363 364)
    (0 63 219) (0 88 229) (0 111 235) (0 65 237) (0 32 33) (0 8 9) (3 88)
    (0 372 0) (0 372 373) (0 50 245) (0 92 249) (0 106 253) (25 71)
    (0 378 0) (0 378 379) (25 80) (0 381 0) (0 381 382) (25 111) (0 384 0)
    (0 384 385) (25 65) (0 387 0) (0 387 388) (25 32) (0 390 0) (0 390 391)
    (0 137 257) (25 98) (0 394 0) (0 394 395) (25 51) (0 397 0) (0 397 398)
    (25 320) (0 400 0) (0 400 401) (25 323) (0 403 0) (0 403 404) (25 326)
    (0 406 0) (0 406 407) (25 110) (0 409 0) (0 409 410) (25 126) (0 412 0)
    (0 412 413) (25 64) (0 415 0) (0 415 416) (0 347 0) (0 347 418)
    (0 124 261) (0 112 0) (0 112 421) (0 305 0) (0 305 423) (0 99 0)
    (0 99 425) (0 135 263) (0 21 265) (0 18 19) (0 85 0) (0 85 430)
    (0 109 268) (0 89 270) (0 91 0) (0 91 434) (0 86 272) (0 114 0)
    (0 114 437) (0 27 28) (0 105 277) (0 64 279) (0 34 281) (0 61 0)
    (0 443 0) (0 329 0) (0 80 0) (0 446 0) (0 126 0) (0 448 0) (0 123 0)
    (0 450 0) (0 125 0) (0 452 0) (0 56 0) (0 454 56) (0 57 0) (0 456 57)
    (0 82 82) (0 50 394) (0 100 459) (0 363 363) (0 363 461) (0 63 63)
    (0 63 463) (0 88 88) (0 88 465) (0 65 65) (0 65 467) (0 44 42)
    (0 106 469) (0 124 106) (0 61 471) (0 206 205) (0 0 64) (0 133 133)
    (0 1 475) (0 44 44) (0 42 477) (0 362 461) (0 50 463) (0 53 53)
    (0 52 481) (0 48 48) (0 47 483) (0 64 467) (0 72 32) (0 42 64)
    (0 50 487) (0 86 488) (0 77 469) (0 65 64) (0 115 491) (0 205 205)
    (0 205 493) (0 50 6) (0 117 6) (0 50 496) (0 102 497) (0 42 6)
    (0 46 499) (0 102 500) (0 53 6) (0 102 502) (0 131 6) (0 131 504)
    (0 50 504) (0 116 6) (0 50 507) (0 63 508) (0 102 509) (0 122 6)
    (0 102 511) (0 71 70) (0 36 513) (0 80 72) (0 36 515) (0 100 99)
    (0 36 517) (0 36 491) (0 2 209) (0 40 231) (0 279 237) (0 84 64)
    (0 86 523) (0 0 333) (0 50 351) (0 50 106) (12 133) (0 528 133) (12 63)
    (0 530 63) (0 78 1) (0 52 50) (0 87 50) (0 42 205) (0 6 205) (0 53 205)
    (0 44 205) (0 48 205) (0 130 32) (0 124 471) (0 42 42) (0 50 542)
    (0 48 42) (0 42 544) (0 245 205) (0 50 76) (0 547 546) (0 52 0)
    (0 549 206) (0 52 205) (0 551 550) (0 47 0) (0 553 206) (0 47 205)
    (0 555 554) (0 64 126) (0 76 493) (13 70 70) (12 559) (0 560 362)
    (0 71 561) (0 351 562) (0 42 542) (0 42 564) (0 82 32) (23 50 50 1)
    (0 567 567) (0 567 568) (23 50 50 90) (0 570 570) (0 570 571) (0 75 75)
    (0 75 573) (0 92 92) (0 92 575) (0 36 36) (0 36 577) (0 71 36)
    (0 100 36) (0 65 36) (0 133 211) (0 5 582) (0 103 233) (0 30 584)
    (12 76) (0 586 205) (0 63 245) (0 53 549) (0 48 553) (0 71 71)
    (0 36 591) (0 70 592) (0 111 111) (0 36 594) (0 110 595) (0 36 467)
    (0 64 597) (0 102 42) (0 42 599) (0 137 564) (0 53 542) (0 32 42)
    (0 32 64) (0 36 64) (0 0 605) (0 134 564) (0 132 133) (0 93 608)
    (0 80 71) (0 72 70) (0 611 610) (0 80 65) (0 72 64) (0 614 613)
    (0 79 133) (0 532 616) (0 122 530) (0 121 63) (0 619 618) (0 100 63)
    (0 99 50) (0 622 621) (0 53 586) (0 52 76) (0 625 624) (0 53 63)
    (0 533 627) (0 53 88) (0 52 87) (0 630 629) (0 88 63) (0 534 632)
    (0 103 528) (0 29 133) (0 635 634) (0 104 103) (0 27 29) (0 638 637)
    (0 1 8) (0 88 372) (25 291) (25 297) (0 82 36) (0 20 4) (0 59 645)
    (0 5 646) (0 136 40) (0 648 357) (0 30 649) (0 72 36) (0 1 348)
    (0 70 71) (0 36 653) (0 64 65) (0 36 655) (0 60 14) (0 60 12) (4 64)
    (0 60 659) (0 50 64) (0 53 661) (0 86 662) (0 1 29) (0 3 27) (0 64 110)
    (0 12 135) (0 83 21) (0 62 18) (0 62 85) (0 659 109) (0 107 60)
    (0 1 14) (0 3 12) (0 64 659) (0 1 135) (0 1 21) (0 3 18) (0 20 85)
    (0 64 109) (0 71 378) (0 80 381) (0 111 384) (0 65 387) (0 32 390)
    (0 50 137) (0 98 394) (0 291 642) (0 297 643) (0 51 397) (0 320 400)
    (0 323 403) (0 326 406) (0 110 409) (0 126 412) (0 64 415) (0 36 106)
    (0 38 697) (0 34 698) (0 50 32) (0 116 42) (0 42 701) (0 123 471)
    (0 105 664) (0 105 665) (0 125 106) (0 98 50) (0 3 50) (0 1 708)
    (0 709 707) (0 51 205) (0 50 535) (0 712 711) (0 51 50) (0 42 50)
    (0 50 715) (0 716 714) (0 51 87) (0 42 87) (0 50 719) (0 720 718)
    (0 50 707) (0 722 622) (0 50 711) (0 724 551) (0 50 714) (0 726 533)
    (0 50 718) (0 728 630) (0 46 535) (0 730 555) (0 76 42) (0 133 29)
    (0 132 27) (0 65 110) (0 71 29) (0 71 27) (0 71 110) (0 81 81)
    (0 739 81) (0 56 740) (0 40 40) (0 742 40) (0 57 743) (0 70 32)
    (0 34 124) (0 294 560) (0 88 92) (0 65 415) (0 77 749) (0 75 750)
    (0 86 575) (0 53 752) (209 1) (0 71 754) (0 71 755) (0 351 756)
    (0 96 757) (0 124 279) (0 642 378) (0 82 760) (0 291 761) (0 643 381)
    (0 82 763) (0 297 764) (0 286 133) (0 50 63) (0 767 63) (0 131 63)
    (0 131 769) (0 770 768) (0 50 769) (0 772 771) (0 117 63) (0 50 774)
    (0 102 775) (0 776 773) (0 116 63) (0 50 778) (0 63 779) (0 102 780)
    (0 781 777) (0 122 63) (0 102 783) (0 784 782) (0 102 627) (0 786 785)
    (0 42 63) (0 46 788) (0 102 789) (0 790 787) (0 6 791) (0 29 1)
    (0 65 400) (0 106 794) (0 112 795) (0 65 403) (0 106 797) (0 302 798)
    (0 65 412) (0 124 800) (0 61 801) (0 77 251) (0 75 803) (0 124 412)
    (0 124 805) (0 64 806) (0 64 333) (0 64 808) (0 65 406) (0 34 685)
    (0 36 811) (0 38 812) (0 124 809) (0 123 814) (0 2 153) (0 4 13)
    (0 4 263) (0 2 818) (0 55 336) (0 83 158) (0 24 821) (0 50 80)
    (0 86 86) (0 86 824) (0 107 400) (0 826 400) (0 71 400) (0 96 828)
    (0 829 827) (0 754 830) (0 100 394) (0 50 832) (0 53 397) (0 50 834)
    (0 80 50) (0 82 207) (0 36 82) (0 14 14) (0 10 839) (0 12 14)
    (0 93 841) (0 62 12) (0 95 843) (0 8 8) (0 10 845) (0 85 135)
    (0 95 847) (0 94 848) (0 93 638) (0 136 29) (0 94 851) (0 136 27)
    (0 101 853) (0 36 70) (0 64 575) (0 50 856) (0 101 94) (0 93 858)
    (0 533 625) (0 547 860) (0 651 611) (0 855 862) (0 111 400) (0 864 400)
    (0 400 865) (0 384 866) (0 50 205) (0 868 205) (0 205 869) (0 137 870)
    (0 46 463) (0 108 463) (0 64 641) (0 46 874) (0 111 875) (0 75 876)
    (0 65 641) (0 108 878) (0 111 879) (0 75 880) (0 96 1) (0 96 363)
    (0 96 352) (0 89 75) (0 89 89) (0 573 886) (0 89 567) (0 91 570)
    (0 86 92) (0 568 886) (0 91 91) (0 571 892) (0 575 824) (0 114 36)
    (0 114 114) (0 577 896) (0 58 427) (0 55 898) (0 36 130) (0 130 900)
    (0 38 901) (0 70 855) (0 38 903) (0 38 342) (0 111 305) (0 110 906)
    (0 110 683) (0 36 908) (0 111 409) (0 36 910) (0 105 2) (0 912 0)
    (0 209 913) (0 215 914) (0 2 915) (0 29 916) (0 103 133) (0 104 132)
    (0 50 36) (0 64 400) (0 921 400) (0 921 922) (0 126 923) (0 55 57)
    (0 59 648) (0 645 357) (0 125 794) (0 112 928) (0 64 381) (0 64 387)
    (0 65 137) (0 71 80) (0 71 681) (0 93 13) (0 93 28) (0 95 430)
    (0 94 937) (0 286 0) (0 816 0) (0 940 0) (0 819 0) (0 942 0) (0 935 0)
    (0 944 0) (0 936 0) (0 946 0) (0 938 0) (0 948 0) (0 939 0) (0 950 0)
    (0 275 0) (0 285 0) (0 953 0) (0 430 0) (13 50 0) (0 0 956) (0 50 957)
    (0 50 956) (0 959 245) (0 6 152) (0 76 206) (0 131 7))
   (term-table ("P" 2) ("P" 5) ("P" 7) ("P" 11) ("P" 16) ("P" 26) ("P" 31)
    ("P" 39) ("P" 40) ("P'" 41) ("P0" 43) ("P1" 2) ("P1" 45) ("P2" 4)
    ("P2" 49) ("P3" 54) ("Q" 5) ("R" 55) ("R" 5) ("R" 56) ("R" 57)
    ("R1" 55) ("R1" 5) ("R2" 58) ("R2" 59) ("R2" 24) ("a" 60) ("a" 61)
    ("a" 6) ("a" 62) ("a" 29) ("a1" 60) ("a2" 60) ("acc" 63) ("args" 65)
    ("b" 0) ("b" 42) ("b'" 0) ("b1" 0) ("b2" 0) ("bs" 71) ("c" 72)
    ("cenv" 75) ("cn" 77) ("condefs" 79) ("conf" 50) ("cs" 80)
    ("ctors_of_dec" 81) ("defs" 53) ("ds" 71) ("dst" 36) ("dst'" 36)
    ("dst''" 36) ("dstoff" 82) ("dstoff'" 82) ("e" 1) ("e" 3) ("e" 14)
    ("e" 12) ("e" 83) ("e" 62) ("e" 42) ("e" 84) ("e" 85) ("e'" 12)
    ("e'" 83) ("e'" 62) ("e1" 83) ("e1" 42) ("e2" 62) ("e2" 42) ("e2" 86)
    ("e3" 42) ("e3" 86) ("env" 1) ("env" 88) ("env" 89) ("env" 91)
    ("env" 86) ("env'" 88) ("env'" 92) ("env'" 86) ("env''" 1) ("env''" 3)
    ("env''" 88) ("env''" 86) ("env1" 86) ("env2" 88) ("env2" 86)
    ("env3" 86) ("envc" 75) ("es" 44) ("es" 65) ("exn" 64) ("f" 10)
    ("f" 93) ("f" 50) ("f1" 94) ("f2" 95) ("ffi" 96) ("ffi'" 96)
    ("ffi'" 97) ("ffi_st" 1) ("funs" 100) ("funs" 53) ("funs'" 1) ("g" 101)
    ("gen" 36) ("gen'" 64) ("i" 82) ("i" 36) ("i'" 82) ("i''" 82)
    ("i'''" 82) ("i''''" 82) ("i'''''" 82) ("i''''''" 82) ("i'''''''" 82)
    ("i''''''''" 82) ("i'''''''''" 82) ("i''''''''''" 82)
    ("i'''''''''''" 82) ("id" 76) ("id" 36) ("id" 86) ("id'" 64)
    ("is_Refv" 40) ("j" 82) ("j" 36) ("l" 65) ("l" 32) ("l" 102) ("l" 36)
    ("l1" 103) ("l1" 32) ("l2" 104) ("l2" 32) ("len" 82) ("len'" 82)
    ("len''" 82) ("len'''" 82) ("lnum" 36) ("lnum'" 36) ("lnum''" 36)
    ("lnum'''" 36) ("lnum''''" 36) ("lnum'''''" 36) ("lnum''''''" 36)
    ("lnum'''''''" 36) ("lnum''''''''" 36) ("lnum'''''''''" 36)
    ("locs" 102) ("locs'" 102) ("ls" 80) ("ls" 44) ("ls" 53) ("ls" 103)
    ("ls" 104) ("m" 88) ("m" 105) ("m1" 105) ("m2" 105) ("n" 50) ("n" 36)
    ("n'" 50) ("n'" 36) ("n''" 82) ("n''" 50) ("n'''" 36) ("n''''" 82)
    ("n'''''" 36) ("n''''''" 50) ("new_bs" 71) ("nm" 50) ("nm2" 50)
    ("ns" 75) ("ns'" 75) ("off" 82) ("off'" 82) ("off''" 82) ("off'''" 82)
    ("op" 106) ("op'" 38) ("outcome" 107) ("p" 46) ("pat" 46) ("pats" 108)
    ("pes" 48) ("ps" 108) ("r" 21) ("r" 18) ("r" 109) ("refs" 111)
    ("refs'" 111) ("res" 109) ("res" 64) ("s" 103) ("s" 111) ("s" 50)
    ("s" 112) ("s'" 111) ("s'" 112) ("sh" 38) ("src" 36) ("src'" 36)
    ("st" 111) ("st" 114) ("st'" 111) ("st'" 112) ("stmp" 115)
    ("store" 111) ("str_arg" 50) ("strng" 50) ("strng'" 50) ("strng''" 50)
    ("strng'''" 50) ("t" 116) ("t" 96) ("t'" 96) ("tds" 122) ("tenvC" 75)
    ("test" 123) ("test_ty" 124) ("th_op" 125) ("ty" 124) ("ty1" 124)
    ("ty2" 124) ("v" 1) ("v" 3) ("v" 20) ("v" 6) ("v" 42) ("v" 10) ("v" 2)
    ("v" 5) ("v" 65) ("v" 102) ("v" 109) ("v" 38) ("v" 29) ("v" 64)
    ("v'" 1) ("v'" 3) ("v'" 126) ("v'" 64) ("v''" 64) ("v'''" 64)
    ("v''''" 64) ("v'''''" 64) ("v''''''" 64) ("v'''''''" 64)
    ("v''''''''" 64) ("v0" 1) ("v0" 3) ("v0" 42) ("v0" 5) ("v0" 93)
    ("v0" 24) ("v0" 117) ("v0" 71) ("v0" 44) ("v0" 53) ("v0" 48) ("v0" 32)
    ("v0" 102) ("v0" 38) ("v1" 1) ("v1" 20) ("v1" 14) ("v1" 24) ("v1" 122)
    ("v1" 8) ("v1" 36) ("v1" 77) ("v1" 29) ("v1" 105) ("v1" 64) ("v1'" 64)
    ("v10" 1) ("v10" 60) ("v10" 72) ("v10" 50) ("v10" 105) ("v1064" 0)
    ("v11" 1) ("v11" 116) ("v11" 50) ("v1104" 0) ("v12" 70) ("v1264" 0)
    ("v13" 1) ("v13" 130) ("v1335" 64) ("v1340" 65) ("v14" 60) ("v14" 130)
    ("v14" 83) ("v1491" 64) ("v1496" 65) ("v15" 50) ("v16" 131)
    ("v1612" 65) ("v17" 3) ("v17" 131) ("v1726" 0) ("v1734" 65) ("v18" 62)
    ("v18" 71) ("v18" 131) ("v1806" 0) ("v1842" 0) ("v1854" 65) ("v19" 132)
    ("v19" 50) ("v1906" 65) ("v2" 3) ("v2" 12) ("v2" 71) ("v2" 102)
    ("v2" 106) ("v2" 46) ("v2" 21) ("v2" 27) ("v2" 64) ("v2" 34) ("v2'" 64)
    ("v20" 102) ("v20" 105) ("v2006" 0) ("v2014" 65) ("v2086" 0)
    ("v2098" 65) ("v21" 3) ("v21" 46) ("v2170" 0) ("v2178" 65) ("v22" 42)
    ("v2250" 0) ("v2262" 65) ("v23" 102) ("v24" 53) ("v240" 65) ("v2482" 0)
    ("v2533" 64) ("v27" 3) ("v27" 102) ("v28" 63) ("v29" 132) ("v29" 50)
    ("v3" 42) ("v3" 5) ("v3" 133) ("v3" 63) ("v3" 32) ("v3" 134) ("v3" 18)
    ("v30" 116) ("v30" 105) ("v31" 3) ("v34" 50) ("v35" 131) ("v352" 0)
    ("v36" 131) ("v360" 65) ("v37" 3) ("v37" 131) ("v38" 71) ("v38" 50)
    ("v4" 5) ("v4" 71) ("v4" 102) ("v4" 50) ("v4" 105) ("v40" 105)
    ("v41" 3) ("v432" 0) ("v468" 0) ("v47" 3) ("v48" 71) ("v480" 65)
    ("v49" 132) ("v5" 1) ("v5" 116) ("v5" 24) ("v5" 53) ("v50" 34)
    ("v6" 102) ("v7" 1) ("v7" 71) ("v7" 50) ("v740" 0) ("v8" 133)
    ("v8" 117) ("v8" 71) ("v8" 102) ("v83" 32) ("v9" 1) ("v9" 82)
    ("v9" 133) ("v9" 63) ("v9" 105) ("v940" 0) ("vs" 133) ("vs" 132)
    ("vs" 65) ("vs'" 65) ("vs''" 65) ("vs1" 133) ("vs2" 132) ("w" 130)
    ("w" 70) ("w" 71) ("w'" 130) ("w'" 70) ("w''" 70) ("w'''" 70)
    ("w''''" 70) ("w1" 71) ("w2" 71) ("ws" 71) ("ws" 65) ("ws'" 71) ("x" 1)
    ("x" 3) ("x" 14) ("x" 42) ("x" 50) ("x" 112) ("x" 135) ("x" 29)
    ("x" 136) ("x1" 64) ("x2" 64) ("xo" 137) ("xs" 65) ("y" 1) ("y" 3)
    ("y" 20) ("y" 14) ("y" 135) ("y" 29) ("y" 27) ("ys" 65) ("z" 1) ("z" 3)
    ("z" 14) ("z" 135) ("z" 29) (41 138) (41 139) (41 141) (41 143)
    (41 145) (41 147) (41 149) (41 151) (41 152) (41 154) (41 155) (41 157)
    (41 159) (41 160) (41 162) (41 164) (41 166) (41 167) (41 169) (41 171)
    (41 173) (41 174) (41 176) (41 178) (41 180) (41 182) (41 183) (41 184)
    (41 186) (41 188) (41 190) (41 192) (41 194) (41 196) (41 198) (41 200)
    (41 202) (41 204) (41 206) (41 208) (41 210) (41 212) (41 214) (41 216)
    (41 218) (41 195) (41 220) (41 222) (41 224) (41 226) (41 228) (41 197)
    (41 230) (41 199) (41 232) (41 234) (41 236) (41 238) (41 239) (41 241)
    (41 243) (41 244) (41 246) (41 248) (41 250) (41 252) (41 254) (41 256)
    (41 258) (41 260) (41 262) (41 264) (41 266) (41 267) (41 269) (41 271)
    (41 273) (41 275) (41 203) (41 276) (41 278) (41 280) (41 282) (42 284)
    (42 288) (42 290) (42 293) (42 296) (42 299) (42 301) (42 304) (42 307)
    (42 309) (42 311) (42 313) (42 315) (42 317) (42 319) (42 322) (42 325)
    (42 328) (43 330) (44 36) (45 331) (46 55) (46 332) (46 330) (46 335)
    (46 336) (46 337) (46 338) (46 339) (46 344) (46 346) (46 354) (46 355)
    (46 356) (46 359) (46 360) (46 361) (46 365) (46 366) (46 367) (46 368)
    (46 369) (46 370) (46 371) (46 374) (46 375) (46 376) (46 331) (46 377)
    (46 380) (46 383) (46 386) (46 389) (46 392) (46 393) (46 396) (46 399)
    (46 402) (46 405) (46 408) (46 411) (46 414) (46 417) (46 419) (46 420)
    (46 422) (46 424) (46 426) (46 427) (46 428) (46 429) (46 431) (46 432)
    (46 433) (46 435) (46 436) (46 438) (46 57) (46 439) (46 440) (46 441)
    (46 442) (51 330) (52 331) (53 138) (53 139) (53 141) (53 444) (53 445)
    (53 147) (53 149) (53 157) (53 159) (53 160) (53 208) (53 210) (53 212)
    (53 216) (53 447) (53 197) (53 230) (53 236) (53 238) (53 239) (53 246)
    (53 252) (53 262) (53 273) (53 275) (53 449) (53 451) (53 278) (53 453)
    (53 280) (53 282) (54 455) (54 457) (55 458) (56 219) (57 460) (58 462)
    (58 464) (58 466) (58 468) (59 32) (59 89) (60 106) (61 106) (62 106)
    (63 106) (64 470) (65 472) (66 38) (67 106) (68 106) (69 106) (70 106)
    (71 106) (72 106) (73 106) (74 106) (75 106) (76 106) (77 473) (78 124)
    (79 474) (80 476) (80 478) (80 479) (80 480) (80 482) (80 484) (80 485)
    (81 486) (82 124) (83 489) (84 490) (85 106) (86 492) (87 106) (88 106)
    (89 106) (90 106) (91 494) (92 495) (93 498) (94 501) (95 503) (96 505)
    (97 506) (98 510) (99 512) (100 514) (100 516) (100 518) (100 519)
    (101 205) (102 520) (102 521) (102 522) (103 524) (104 106) (105 525)
    (106 106) (107 106) (108 526) (109 0) (110 527) (111 529) (111 531)
    (112 532) (112 533) (112 534) (113 535) (114 536) (115 537) (116 538)
    (117 539) (118 540) (119 124) (120 541) (121 543) (122 545) (123 10)
    (123 329) (123 463) (124 548) (124 552) (124 556) (125 557) (126 558)
    (127 563) (128 565) (129 106) (130 566) (131 124) (132 569) (132 572)
    (132 574) (132 576) (132 578) (133 579) (133 580) (133 581) (134 583)
    (134 585) (135 587) (135 588) (135 589) (135 590) (136 593) (136 596)
    (136 598) (137 600) (138 601) (139 602) (140 106) (141 603) (142 604)
    (143 606) (144 607) (145 38) (146 38) (147 609) (147 612) (147 615)
    (147 617) (147 620) (147 623) (147 626) (147 628) (147 631) (147 633)
    (147 636) (147 639) (148 545) (149 640) (149 641) (150 8) (150 372)
    (151 133) (151 80) (151 44) (151 363) (151 63) (151 53) (151 48)
    (151 65) (152 378) (152 381) (152 390) (152 642) (152 643) (152 400)
    (152 403) (152 115) (153 8) (153 372) (154 644) (155 647) (155 650)
    (156 651) (157 106) (158 106) (159 106) (160 652) (161 654) (161 656)
    (162 657) (162 658) (162 660) (163 542) (164 663) (165 664) (165 665)
    (165 666) (166 667) (166 668) (166 669) (166 670) (166 671) (167 672)
    (168 38) (169 673) (169 674) (169 675) (170 60) (171 676) (171 677)
    (171 678) (171 679) (171 680) (172 681) (172 682) (172 683) (172 684)
    (172 685) (172 686) (172 687) (172 688) (172 689) (172 690) (172 691)
    (172 692) (172 693) (172 694) (172 695) (172 696) (173 699) (174 547)
    (175 700) (176 124) (177 106) (178 106) (179 106) (180 0) (181 702)
    (182 703) (183 704) (183 705) (184 706) (185 710) (185 713) (185 717)
    (185 721) (185 723) (185 725) (185 727) (185 729) (185 731) (186 494)
    (187 732) (188 733) (188 734) (188 735) (189 491) (190 106) (191 106)
    (192 106) (193 106) (194 34) (195 34) (196 736) (196 737) (196 738)
    (197 454) (197 456) (198 741) (198 744) (199 540) (200 745) (201 746)
    (202 106) (203 747) (204 330) (205 748) (206 751) (207 753) (208 758)
    (210 610) (211 759) (212 279) (213 237) (214 762) (214 765) (215 81)
    (216 766) (216 619) (217 792) (218 793) (219 796) (219 799) (220 802)
    (221 804) (222 807) (223 809) (224 810) (225 813) (226 815) (227 816)
    (227 817) (228 819) (229 820) (229 16) (229 822) (230 823) (231 825)
    (232 831) (233 833) (233 835) (234 836) (235 837) (236 837) (237 838)
    (238 40) (239 491) (240 370) (241 840) (241 842) (241 844) (242 846)
    (243 849) (244 850) (244 852) (244 854) (245 855) (246 605) (247 574)
    (247 576) (248 857) (249 859) (249 861) (249 863) (250 867) (250 871)
    (251 872) (252 873) (253 877) (254 881) (255 882) (256 883) (257 884)
    (258 885) (259 887) (260 888) (260 889) (260 890) (261 891) (261 893)
    (261 894) (262 895) (263 897) (264 899) (264 26) (265 902) (266 904)
    (267 905) (267 902) (267 904) (268 907) (269 909) (270 911) (271 917)
    (272 635) (273 918) (273 919) (274 920) (275 836) (276 64) (277 924)
    (278 41) (279 925) (279 31) (279 926) (279 927) (280 929) (281 930)
    (282 931) (283 932) (284 342) (285 342) (286 342) (287 342) (288 933)
    (289 934) (290 329) ("P" 816) ("P" 819) ("P" 935) ("P" 936) ("P" 938)
    ("P" 939) ("P" 274) ("P'" 2) ("a" 1) ("a" 3) ("a" 20) ("a" 116)
    ("a" 38) ("d" 6) ("l" 133) ("l" 132) ("l" 71) ("l" 131) ("l0" 117)
    ("l0" 131) ("l0" 63) ("l0" 122) ("l0" 53) ("m" 50) ("p" 286) ("p_1" 3)
    ("p_2" 285) ("r" 135) ("r" 85) ("s" 29) ("s" 27) ("t" 105) (41 941)
    (41 943) (41 945) (41 947) (41 949) (41 951) (41 952) (41 950) (41 954)
    (41 955) (42 958) (291 960) (292 961) (292 962) (135 963))) exports
  (nil) (nil)
  ((308 (((126 0) (2 25 50 56) (137 13) (5 38 43)) "DISK_THM")
    (2 0 1 11 397 398 399 400 401) ("%77U976U748%77B979%77B605"))
   (309 (((126 2) (2 25 50 56 63) (137 13) (5 319 324)) "DISK_THM")
    (2 0 1 24 397 398 399 400 401) ("%206U981U751%206B982%206B607"))
   (310 (((126 1) (2 25 50 56) (137 13) (5 38 43)) "DISK_THM")
    (2 0 1 17 397 398 399 400 401)
    ("%76$0U975U747$0U973U749%656B974B978$0B604|U523"))
   (311
    (((126 70) (2 2 15 25 26 27 50 52 56 58 63 99 100 105 128)
      (402 0 1 2 4) (15 562) (403 1 11 12 17) (5 632) (126 68)) "DISK_THM")
    (2 0 1 525 397 398 399 400 401)
    ("%17%422%435%443$2$1b3$1$0b3B549$2$0b3B613|U448|U448|U448%429%440%447$3$2B1002$1@$3$1B1002$0@B549$3$2B1002$0@B613|U526|U526|U526B613|U466"))
   (312
    (((126 69) (2 14 15 25 50 52 56 58 63 105 128) (137 21) (15 82 191)
      (16 65) (170 128 149) (5 198 632) (126 65 66)) "DISK_THM")
    (2 0 1 517 397 398 399 400 401)
    ("%17%429%422$0$0b2|U448$1$0B1002$0@B613|U526|U466"))
   (313
    (((126 73) (2 2 15 25 26 36 50 51 58 63 99 105 128 144 148)
      (402 0 1 2 4) (15 197) (403 2 11 12) (5 631 633) (126 71))
     "DISK_THM") (2 0 1 549 397 398 399 400 401)
    ("%422%436$1$0B1$1$0B16B613|U449|U448%1%429B1003%441@%16%429B1003%441@B613B613"))
   (314
    (((126 67) (404 4 5 14) (2 25 26 46 47 58 63 72 76 77 78 80) (405 1)
      (16 5 22) (170 122 128) (5 632)) "DISK_THM")
    (2 0 1 509 397 398 399 400 401)
    ("%6%18%266%315$2$1U824b3$0U825@|U449|U448|U467%18%417%418$2$1U893b3$0U894@|U491|U491|U467%18%407%408$2$1U883b3$0U884@|U489|U488|U467%18%160%266%161%315$4$3$2B869b5$1$0B870@|U449|U528|U448|U528|U467%18%387%307$2$1U824b3$0U894@|U491|U448|U467%18%387%312$2$1U824b3$0U884@|U489|U448|U467%18%387%327%332$3$2U824b4$1$0B870@|U449|U528|U448|U467%18%393%344$2$1U893b3$0U825@|U449|U491|U467%18%393%347$2$1U893b3$0U884@|U489|U491|U467%18%393%357%358$3$2U893b4$1$0B870@|U449|U528|U491|U467%18%398%364$2$1U883b3$0U825@|U449|U488|U467%18%398%366$2$1U883b3$0U894@|U491|U488|U467%18%398%373%374$3$2U883b4$1$0B870@|U449|U528|U488|U467%18%282%284%377$3$2$1B869b4$0U825@|U449|U448|U528|U467%18%282%284%378$3$2$1B869b4$0U894@|U491|U448|U528|U467%18%282%284%380$3$2$1B869b4$0U884@|U489|U448|U528|U467B549B549B549B549B549B549B549B549B549B549B549B549B549B549B549%234%274%322$2$1b3$0@|U527|U526|U467B613|U480"))
   (315
    (((126 68) (2 15 58) (137 21) (16 65) (170 128 149) (5 198)
      (126 65 66)) "DISK_THM") (2 0 1 509 397 398 399 400 401)
    ("%18%266U824B1003%315U825@%266%315B18B554%18%417U893B1003%418U894@%417%418B567B554%18%407U883B1003%408U884@%18%407B755%408@B554%18%160%266B869B1003%161%315B870@%160%161B610%266%315B18B549B554%18%387U824B1003%307U894@%717B554%18%387U824B1003%312U884@%717B554%18%387U824B1003%327%332B870@%717B554%18%393U893B1003%344U825@%717B554%18%393U893B1003%347U884@%717B554%18%393U893B1003%357%358B870@%717B554%18%398U883B1003%364U825@%717B554%18%398U883B1003%366U894@%717B554%18%398U883B1003%373%374B870@%717B554%18%282%284B869B1003%377U825@%717B554%18%282%284B869B1003%378U894@%717B554%18%282%284B869B1003%380U884@%717B554B549B549B549B549B549B549B549B549B549B549B549B549B549B549B549"))
   (316
    (((126 71) (2 15 25 26 27 36 50 51 52 56 58 63 105 106 128 144 148)
      (137 21) (16 65) (170 128 149) (5 198 631 632 633) (126 65 66))
     "DISK_THM") (2 0 1 531 397 398 399 400 401)
    ("%429%441%18$1B1003$0@%266%315$3$1U824B608$2$0U825B609$1$0B18B549B549|U616|U615%411$2$0U893B608$1$0U894B609B549|U628%159%266%315$4$2$1B869B608$3$2$0B870B609$1$0B18B549B549|U616|U615|U642%407%408$3$1U883B608$2$0U884B609%18$1B755$0@B549B549|U627|U626B905B905B905B554|U527|U526"))
   (317
    (((126 72)
      (2 25 26 27 36 50 51 55 56 58 60 63 83 84 95 101 105 106 128 144 148)
      (402 0 1 2 4) (15 423) (403 2 11 17) (170 185) (5 631 633) (126 71))
     "DISK_THM") (2 0 1 542 397 398 399 400 401)
    ("%22%24$1$0B810U1005$1U1003$0U1004B811B565|U471|U467"))
   (318
    (((126 63) (404 4 5 14) (2 25 26 46 47 58 63 72 76 77 78 80) (405 1)
      (16 5 22) (170 122 128) (5 632)) "DISK_THM")
    (2 0 1 502 397 398 399 400 401)
    ("%9%0%227$1$0U824b2|U448|U465%0%402$1$0U883b2|U488|U465%0%159%227$2$1$0B869b3|U448|U528|U465%0%369$1$0U893b2|U491|U465B549B549B549%233%274$1$0b2|U526|U465B613|U477"))
   (319
    (((126 64) (2 15 58) (137 21) (16 65) (170 128 149) (5 198)
      (126 61 62)) "DISK_THM") (2 0 1 502 397 398 399 400 401)
    ("%0%227U824B1001%227U0B554%0%402U883B1001%0%402B708B554%0%159%227B869B1001%227U0B554%0%369U893B1001%866B554B549B549B549"))
   (320 (((126 75))) (1 0 1 562 397 398 399 400 401)
    ("%196$0U995%994$0B784U719B566|U502"))
   (321 (((126 74) (5 625)) "DISK_THM") (1 0 1 555 397 398 399 400 401)
    ("%227$0U824U994$0%791B677B566|U448%402$0U883U994$0B566|U488%259$0U893U994%791B566|U491%275%227$1$0B869U994$0%791B677B566|U448|U528B549B549B549"))
   (322 (((126 5) (3 480)) "DISK_THM") (1 0 1 45 397 398 399 400 401)
    ("%772U987%1011B560%773U987%1012B560%663U987%1010B560%833U987%1013B560B549B549B549"))
   (323
    (((126 53) (404 0 3 5 6 13 14)
      (2 25 26 42 46 47 54 58 63 71 77 84 93 94 96 148 151) (405 0 1 2)
      (5 623 624) (126 44 49 50)) "DISK_THM")
    (2 0 1 470 397 398 399 400 401)
    ("%422%435%443$2$1B21$1$0B21B549$2$0B21B613|U448|U448|U448%423%436%444$2$1B23$1$0B23B549$2$0B23B613|U449|U449|U449B549%428%439%446%21%23B983$2@$1@%21%23B983$1@$0@B549%21%23B983$2@$0@B613|U519|U519|U519B613"))
   (324 (((126 52) (2 25 35 63) (5 623) (126 43 48)) "DISK_THM")
    (2 0 1 464 397 398 399 400 401)
    ("%422$0$0B21|U448%423$0$0B23|U449B549%428%21%23B983$0@$0@|U519B613"))
   (325
    (((126 47) (404 4 5 14) (2 25 26 46 47 58 63 72 76 77 78 80) (405 1)
      (16 5 22) (170 122 128) (5 623)) "DISK_THM")
    (2 0 1 442 397 398 399 400 401)
    ("%5%22%257%266%315$3$2b4$1U839@$0U840@|U449|U448|U472|U467%350%25%67%69$3$2b4$1U828@$0U829@|U460|U459|U472|U467%368%383%290%306$3$2b4$1U839@$0U829@|U460|U448|U472|U467%368%383%296%332$3$2b4$1U828@$0U840@|U449|U459|U472|U467B549B549B549%234%269%321%355$3$2b4$1@$0@|U521|U520|U472|U467B613|U479"))
   (326
    (((126 48) (2 15 58) (137 21) (16 65) (170 128 149) (5 171)
      (126 45 46)) "DISK_THM") (2 0 1 442 397 398 399 400 401)
    ("%22%257B984%266U839@%315U840@%266%315B22B554%350%25B984%67U828@%69U829@%25%67B935%69@B554%368%383B984%290U839@%306U829@%717B554%368%383B984%296U828@%332U840@%717B554B549B549B549"))
   (327
    (((126 49) (2 25 26 36 50 54 56 58 63 148) (5 622 623 624) (126 48))
     "DISK_THM") (2 0 1 448 397 398 399 400 401)
    ("%22%25B984%227U839@%190@%242%190$0U840B601%227$0B22B549|U616B554"))
   (328
    (((126 51) (2 25 26 27 36 50 52 58 63 105 106 128 148) (5 622 623 624)
      (126 48)) "DISK_THM") (2 0 1 458 397 398 399 400 401)
    ("%22%25B984%189@%60U829@%65%189$0U828B600%25$0B935%60@B549|U622B554"))
   (329
    (((126 50) (2 25 26 27 36 50 52 58 63 105 106 128 148) (5 622 623 624)
      (126 48)) "DISK_THM") (2 0 1 453 397 398 399 400 401)
    ("%22%25B984%59U828@%190@%66%190$0U829B601%25%59B935$0@B549|U623B554"))
   (330 (((126 104) (3 668 670 720 721 722) (2 25 51 56 58 63)) "DISK_THM")
    (2 0 1 726 397 398 399 400 401)
    ("%224$0%675B595$0%746B595$0%685B595$0%862B595$0%892U902B595$0%891U902B595$0%730B595B905B905B905B905B905B905|U518"))
   (331 (((126 16) (126 15)) "DISK_THM") (2 0 1 179 397 398 399 400 401)
    ("%175%205%185%240%75%158%176$6$5B968$4@$3@$2@%808B575$6$0B958$5B968$4@$3@$2@%808B575B613|U511|U500|U500|U529|U517|U504|U511"))
   (332 (((126 17) (126 15)) "DISK_THM") (2 0 1 180 397 398 399 400 401)
    ("%175%205%185%240%75%158%176$6$5B968$4@$3@$2@$1U788B575$6$0B958$5B968$4@$3@$2@$1U788B575B613|U511|U500|U500|U529|U517|U504|U511"))
   (333
    (((126 15)
      (2 25 26 27 29 35 50 51 52 56 58 63 64 93 95 101 105 128 150 154)
      (406 47) (31 6 7 118 119) (16 4 6 65)
      (5 198 361 382 383 632 633 670 671 672)) "DISK_THM")
    (2 0 1 139 397 398 399 400 401)
    ("%175%205%185%240%75%158%176$6$5B968$4@$3@$2@%808B575$6$0B958$5B968$4@$3@$2@%808B575B613$6$5B968$4@$3@$2@$1U788B575$6$0B958$5B968$4@$3@$2@$1U788B575B613B549|U511|U500|U500|U529|U517|U504|U511%175%205%186%404%75%158%176$6$5B969$4@$3@$2@%808B575$6$0B958$5B969$4@$3@$2@%808B575B613$6$5B969$4@$3@$2@$1U788B575$6$0B958$5B969$4@$3@$2@$1U788B575B613B549|U511|U500|U500|U505|U495|U504|U511B549"))
   (334
    (((126 14) (3 459)
      (2 25 26 27 29 34 35 50 52 55 56 58 63 64 74 75 93 95 101 105 128 144
       148 150) (402 0 1 2 4 5) (15 38 41 95 97 101 103 158 743) (403 8)
      (31 6 7 115 116) (16 4 5 8 65)
      (5 198 361 382 383 632 633 670 671 672) (126 12)) "DISK_THM")
    (2 0 1 119 397 398 399 400 401)
    ("%42%197%184%240%75%79%82$6$5B968$4@$3@$2@$1U788B575%84$2$0$3B653B570%723$0B783$5%795B966B569B549|U631B613|U448|U500|U500|U529|U517|U504|U511%42%197%188%404%75%79%83$6$5B969$4@$3@$2@$1U788B575%84$2$0$3B653B570%723$0B783$5%795B967B569B549|U631B613|U449|U500|U500|U505|U495|U504|U511B549"))
   (335
    (((126 13)
      (2 25 26 27 29 34 35 50 52 55 56 58 63 64 93 95 101 105 128 150 154)
      (402 0 1 2 4 5) (15 38 95 158) (403 11) (31 6 7 115 116) (16 4 5 65)
      (5 198 361 382 383 632 633 670 671 672)) "DISK_THM")
    (2 0 1 104 397 398 399 400 401)
    ("%42%205%184%240%75%79%84$6$5B968$4@$3@$2@$1U788B575$6$5B968$4@$3@$2$0B653@$1$0B653U788B575B613|U500|U500|U500|U529|U517|U504|U511%42%205%188%235%75%79%84$6$5B969$4@$3@$2@$1U788B575$6$5B969$4@$3@$2$0B653@$1$0B653U788B575B613|U500|U500|U500|U505|U495|U504|U511B549"))
   (336
    (((126 18)
      (2 25 26 29 35 50 52 54 55 56 58 63 64 65 73 75 86 93 95 101 105 128
       148 150 154) (402 0 1 2 4 5) (15 38 95 158) (403 1 13)
      (31 6 7 115 116) (16 4 5 65)
      (5 198 361 364 365 382 383 632 633 670 671 672)) "DISK_THM")
    (2 0 1 182 397 398 399 400 401)
    ("%90%210%184%240%75%79%87$6$5B968$4@$3@$2@$1U788B575$6$5B968$4@$3@$2$0B653@$1$0B653U788B575B554$6$5B968$4@$3@$2@%808B575$6$5B968$4@$3@$2$0B653@%808B575B554$6$5B968$4@$3@$2@%790B575$6$5B968$4@$3@$2$0B653@%790B575B554B549B549|U500|U500|U500|U529|U517|U504|U511%90%210%188%404%75%79%87$6$5B969$4@$3@$2@$1U788B575$6$5B969$4@$3@$2$0B653@$1$0B653U788B575B554$6$5B969$4@$3@$2@%808B575$6$5B969$4@$3@$2$0B653@%808B575B554$6$5B969$4@$3@$2@%790B575$6$5B969$4@$3@$2$0B653@%790B575B554B549B549|U500|U500|U500|U505|U495|U504|U511B549"))
   (337
    (((126 12) (3 458 459) (2 25 35 56 58 105 128) (177 632 634))
     "DISK_THM") (2 0 1 89 397 398 399 400 401)
    ("%184%33$1$0B966$1%795B966$0B652B569|U494|U517%188%33$1$0B967$1%795B967$0B652B569|U494|U495B549"))
   (338 (((126 101) (3 479) (2 25 35 56) (33 173) (5 427 598)) "DISK_THM")
    (2 0 1 702 397 398 399 400 401)
    ("%110%128$1U957$0U957B611$1$0B578B554|U513|U513"))
   (339 (((126 56) (5 625)) "DISK_THM") (1 0 1 487 397 398 399 400 401)
    ("%95%228$1$0U825B953$0u1U824B608|U449|U468%256%411$1$0U894B953$0U893B608|U491|U468%95%403$1$0U884B953$1$0B774U883B608|U489|U468%95%159%228$2$1$0B870B953$1$0u2B869B608|U449|U528|U468B549B549B549"))
   (340
    (((126 80) (2 25 50 56 63) (137 8) (177 696) (5 632 633) (126 56))
     "DISK_THM") (2 0 1 601 397 398 399 400 401)
    ("%95%106%430B955B953%95%106B961%430B954B608"))
   (341 (((126 32) (5 616)) "DISK_THM") (1 0 1 385 397 398 399 400 401)
    ("%97%98%229$2$1B952$0U841@$0u2U838B599|U450|U473|U470%97%98%60$2$1B952$0U830@$1$0B950U827B599|U460|U473|U470B549"))
   (342
    (((126 33) (2 25 26 27 36 50 52 56 58 63 105 106 128 148)
      (5 622 623 624) (126 32)) "DISK_THM") (2 0 1 390 397 398 399 400 401)
    ("%97%98B952%63@%422U838B599%437%63$0U841B602%422$0U97B552B549|U617B554"))
   (343
    (((126 34) (2 25 26 27 36 50 52 56 58 63 105 106 128 148)
      (5 622 623 624) (126 32)) "DISK_THM") (2 0 1 396 397 398 399 400 401)
    ("%97%98B952%63@%64U827B599%29%63$0U830B602%98$0B950%64B557B549|U623B554"))
   (344
    (((126 83) (404 4 5 14) (2 25 26 46 47 58 63 72 76 78 80) (405 1)
      (16 5 22) (170 122 128) (5 671)) "DISK_THM")
    (2 0 1 607 397 398 399 400 401)
    ("%3%94%74$1$0U787b2|U448|U464%94$0%807b1|U464%94$0%789b1|U464B549B549%232%271$1$0b2|U509|U464B613|U476"))
   (345
    (((126 84) (2 15 58) (137 21) (16 65) (170 128 149) (5 361)
      (126 81 82)) "DISK_THM") (2 0 1 607 397 398 399 400 401)
    ("%94%74U787B951%74U94U787B574%94%807B951%807B574%94%789B951%789B574B549B549"))
   (346 (((126 29) (5 607)) "DISK_THM") (1 0 1 368 397 398 399 400 401)
    ("%95%56$1$0U835B949$0u1U834B556|U449|U468%95%26$1$0U820B949$0U819B556|U451|U468B549"))
   (347 (((126 30) (2 25 54 56 58 63) (5 613 614 615) (126 29)) "DISK_THM")
    (2 0 1 373 397 398 399 400 401)
    ("%95%58B949%26U819B556%58%26U820B557B554"))
   (348 (((126 31) (2 25 56) (137 21) (5 614) (126 29)) "DISK_THM")
    (2 0 1 379 397 398 399 400 401) ("%734%57B948%57B556"))
   (349
    (((126 11) (3 14 478) (2 25 52 58 105 128) (16 65) (5 344)) "DISK_THM")
    (2 0 1 83 397 398 399 400 401)
    ("%134%136$1$0B947$0$1B947B613|U506|U506"))
   (350 (((126 10) (3 14 478) (2 25) (16 65) (5 344)) "DISK_THM")
    (2 0 1 77 397 398 399 400 401) ("%130$0$0B947|U506"))
   (351
    (((126 59) (404 14) (2 25 27 52 54 63) (170 122 128) (5 632))
     "DISK_THM") (2 0 1 497 397 398 399 400 401)
    ("%8%252$0U824u1|U448%317$0U893u1|U491%351$0U883u1|U488%372%381$1$0B869u2|U448|U528B549B549B549%239$0u1|U526B613|U485"))
   (352 (((126 58))) (1 0)
    ("%945%20$0U897|U647%126%30$0%252%866U735|B993%388%717U735|@%391%717U735|@%400%278%717U735||@||B899B564"))
   (353
    (((126 60) (2 15) (137 21) (170 128 149) (5 198) (126 58)) "DISK_THM")
    (2 0 1 497 397 398 399 400 401)
    ("%252U824U945%866B554%317U893U945%717B554%351U883U945%717B554%372%381B869U945%717B554B549B549B549"))
   (354
    (((126 86) (68 7) (62 45)
      (2 14 25 26 27 29 50 52 56 58 63 64 72 95 96 101 105 128 133 150 154)
      (402 0 1 2 4 5) (15 33 40 41 82 134 186 236 315) (403 11) (31 119)
      (16 4 6 22 23 35) (54 6 7 51) (126 85)) "DISK_THM")
    (2 0 1 621 397 398 399 400 401)
    ("%96%103%422%56%163%96%422%56$2||U872|U876$3B779U649$0$3U753B551$0$3B705$4$2$1B531B541B598B549B549$4$3B939$2$1B531U849B586B613|U513|U449|U448|U498|U510"))
   (355
    (((126 85) (68 7) (2 14 25 56 58 105 133) (15 17 82) (16 6 65) (5 389))
     "DISK_THM") (2 0 1 612 397 398 399 400 401)
    ("%103%162$0$1B939$1$0B650B586|U510|U498"))
   (356
    (((126 4) (2 25 50 56) (137 13) (406 24) (5 38 41 49 520)) "DISK_THM")
    (2 0 1 36 397 398 399 400 401)
    ("%86%88%89$2$1$0B937B937$2$1B937$0B937B606|U524|U524|U524"))
   (357 (((126 42) (2 25 54 56 58 63) (5 613 614 615) (126 38)) "DISK_THM")
    (2 0 1 423 397 398 399 400 401)
    ("%18%57B934%26U820@%57%26U819B556B554"))
   (358
    (((126 41) (2 25 26 54 55 58 63) (402 0 1 2 4 5) (5 613 614 615)
      (126 38)) "DISK_THM") (2 0 1 418 397 398 399 400 401)
    ("%18%26U819B934%58@%58%26U820B557B554"))
   (359
    (((126 44) (404 3 6 14) (2 25 26 46 47 54 58 63 93 94 96 148) (405 0 1)
      (5 614 615) (126 39 41)) "DISK_THM") (2 0 1 435 397 398 399 400 401)
    ("%422%435%443$2$1B17$1$0B17B549$2$0B17B613|U448|U448|U448%424%438%445%17$2B933$1@%17$1B933$0@B549%17$2B933$0@B613|U457|U457|U457B613"))
   (360 (((126 43) (2 25 56 63) (5 614) (126 38)) "DISK_THM")
    (2 0 1 429 397 398 399 400 401)
    ("%422$0$0B17|U448%424%17$0B933$0@|U457B613"))
   (361
    (((126 40) (2 25 26 36 50 54 56 58 63 148) (5 613 614 615) (126 38))
     "DISK_THM") (2 0 1 413 397 398 399 400 401)
    ("%18%57B934%228U835@%241%57$0U834B556$0%228B18B549|U615B554"))
   (362
    (((126 39) (2 25 26 36 50 54 56 58 63 148) (5 613 614 615) (126 38))
     "DISK_THM") (2 0 1 408 397 398 399 400 401)
    ("%18%227U834B934%58@%242%58$0U835B557%227$0B18B549|U616B554"))
   (363
    (((126 37) (404 4 5 14) (2 25 26 46 47 58 63 72 76 77 78 80) (405 1)
      (16 5 22) (170 122 128) (5 614)) "DISK_THM")
    (2 0 1 402 397 398 399 400 401)
    ("%4%18%266%315$2$1U834b3$0U835@|U449|U448|U467%255%31%32$2$1U819b3$0U820@|U451|U451|U467%350%396%294$2$1U834b3$0U820@|U451|U448|U467%350%279%302$2$1U819b3$0U835@|U449|U451|U467B549B549B549%234%268%316$2$1b3$0@|U458|U457|U467B613|U478"))
   (364
    (((126 38) (2 15 58) (137 21) (16 65) (170 128 149) (5 142)
      (126 35 36)) "DISK_THM") (2 0 1 402 397 398 399 400 401)
    ("%18%266U834B934%315U835@%266%315B18B554%255%31U819B934%32U820@%31%32B553B554%350%396U834B934%294U820@%717B554%350%279U819B934%302U835@%717B554B549B549B549"))
   (365 (((126 55) (5 616)) "DISK_THM") (1 0 1 482 397 398 399 400 401)
    ("%11%13%227$2$1B932$0U838@$0u2B554|U448|U469|U465%11%13%58$2$1B932$0U827@$1$0B931B554|U458|U469|U465B549"))
   (366 (((126 54) (5 607)) "DISK_THM") (1 0 1 477 397 398 399 400 401)
    ("%0%55$1$0U834B930$0u1B554|U448|U465%0%26$1$0U819B930%866B554|U451|U465B549"))
   (367
    (((126 8) (404 4 5 14) (3 478 668) (2 25 26 46 47 58 63 72 76 77 78 80)
      (405 1) (16 5 22) (170 122 128)) "DISK_THM")
    (2 0 1 52 397 398 399 400 401)
    ("%7%202%163%410$2$1b3%892@$0U901@|U454|U513|U525%202%163%409$2$1b3%891@$0U900@|U453|U513|U525%265%272%324%397$3$2b4$1@$0U745@|U487|U530|U513|U525%265%272%324%280$3$2b4$1@$0U684@|U455|U530|U513|U525%265%272%324%286$3$2b4$1@$0U861@|U510|U530|U513|U525%265%272%288$2$1b3%891@$0U901@|U454|U513|U525%265%272%291$2$1b3%892@$0U900@|U453|U513|U525%265%272%324%295$3$2b4$1@$0U729@|U453|U530|U513|U525B549B549B549B549B549B549B549%238%272%324%353$3$2b4$1@$0@|U506|U530|U513|U525B613|U484"))
   (368
    (((126 9) (3 14 98) (2 15 58) (137 21) (16 65) (170 128 149) (126 6 7))
     "DISK_THM") (2 0 1 52 397 398 399 400 401)
    ("%202%163B928%892@%413U901@%202%413B989%163@U901U847B584%202%163B928%891@%409U900@%202%409B988%163@U900U847B584%265%272B928%324@%397U745@%801B584%265%272B928%324@%280U684@%801B584%265%272B928%324@%286U861@%801B584%265%272B928%891@%288U901@%801B584%265%272B928%892@%291U900@%801B584%265%272B928%324@%295U729@%801B584B549B549B549B549B549B549B549"))
   (369
    (((126 20)
      (3 474 482 501 664 673 682 690 709 717 725 733 752 761 770 779 788)
      (407 411 419 427 434 453 462)
      (2 25 26 36 50 51 52 54 56 58 63 105 128 148 155 186 187) (408 96)
      (23 127 134 143) (36 202 211 220 229 237 244 251 259 268 276)
      (409 104 131 144 163) (15 84 735 742 743) (410 241) (38 73 81)
      (411 532) (19 227 234) (29 125 134) (26 12) (31 34 112 118 119)
      (16 4 70) (54 47)
      (5 412 576 584 592 596 597 598 601 609 618 627 636 643 650 658 666
       675 683 691) (412 298) (48 75) (413 53) (414 139)) "DISK_THM")
    (2 0 1 233 397 398 399 400 401)
    ("%81%404%231$1U927$2$0B548U855B590%323%85%162%61$5$2$1B686$0@$3%798B683B683B572$6$1$3B960$2U977@U750$2B980B606$4$0B558B549B549|U624|U635|U638|U644%323%85%104%164%167%61$7$4$3B823$2@$5%798B683B683B572$2$3B940$1$0B540U852B587%96%426%61$2||U874|U878$3B781U649$8$1$5B960$3$4B908$4U977@2U750$4B980B606$6$0B558B549B549B549B549|U624|U635|U635|U630|U638|U644B905B554|U461|U505|U524"))
   (370
    (((126 105)
      (3 98 204 474 479 482 501 664 668 673 682 690 709 717 721 725 733 752
       761 770 779 788) (407 411 419 427 434 453 462)
      (2 25 26 27 36 50 51 52 56 58 63 96 105 128 144 148 155 186 187)
      (415 2 3) (408 96) (23 127 134 143)
      (36 202 211 220 229 237 244 251 259 268 276) (409 104 131 144 163)
      (15 735) (410 241) (38 73 81) (416 21) (411 532) (19 201 202 227 234)
      (29 125 134) (26 12) (31 112 118 119) (16 65 70) (54 47)
      (5 476 509 576 584 592 598 601 609 618 627 636 643 650 658 666 675
       683 691) (126 104) (412 298) (48 75 82 83) (413 53) (414 139))
     "DISK_THM") (2 0 1 739 397 398 399 400 401)
    ("%240%225B925%226@%195U740U857B592%226%195B911B613"))
   (371
    (((126 28) (2 25 27 36 58 63 105 128 144) (31 6 7 115 116) (16 5 65)
      (5 338 343)) "DISK_THM") (2 0 1 359 397 398 399 400 401)
    ("%220%43%404%132$3$2B924$0@%240$4$3B907$2@$0U858B593|U644B613|U513|U505|U515|U511"))
   (372
    (((126 106)
      (3 98 204 474 479 482 501 664 668 673 682 690 709 717 721 725 733 752
       761 770 779 788) (407 411 419 427 434 453 462)
      (2 25 26 27 36 50 51 52 54 56 58 63 95 101 105 128 144 148 155 186
       187) (408 96) (23 127 134 143)
      (36 202 211 220 229 237 244 251 259 268 276) (409 104 131 144 163)
      (15 101 103 735) (410 241) (38 73 81) (416 21) (411 532) (19 227 234)
      (29 125 134) (26 12) (31 112 118 119) (16 65 70) (54 47)
      (5 476 495 505 576 584 592 598 601 609 618 627 636 643 650 658 666
       675 683 691) (126 3 104) (412 298) (48 31 75 83) (413 53) (414 139)
      (262 70 381)) "DISK_THM") (2 0 1 748 397 398 399 400 401)
    ("%27%224B923%404@%195U740U857B592%224%195B911B613"))
   (373
    (((126 26)
      (3 302 474 482 501 664 673 682 690 709 717 725 729 733 752 761 770
       779 788) (407 411 419 427 434 453 462)
      (2 25 26 27 35 36 50 51 52 56 58 63 105 128 133 148 155 186 187 190)
      (415 2 3) (137 21) (408 96) (23 127 134 143)
      (36 202 211 220 229 237 244 251 259 268 276) (409 104 131 144 163)
      (15 17 47 84 735) (410 241) (38 73 81) (411 532) (19 227 234)
      (29 125 134) (26 12) (31 33 34 112 118 119) (16 4 6 30 65 70) (54 47)
      (5 472 510 576 584 592 601 609 613 615 618 622 624 627 636 643 650
       658 666 675 683 691) (412 298) (48 75) (413 53) (414 139))
     "DISK_THM") (2 0 1 330 397 398 399 400 401)
    ("%199%181B921%92@%427%26U821U831B546U853B588%427%199B596B613"))
   (374
    (((126 25)
      (3 474 482 501 664 673 682 690 709 717 725 733 752 761 770 779 788)
      (407 411 419 427 434 453 462)
      (2 25 26 27 36 41 47 49 50 51 54 58 63 105 128 155 186 187) (415 2 3)
      (408 96) (23 127 134 143)
      (36 202 211 220 229 237 244 251 259 268 276) (409 104 131 144 163)
      (15 735) (410 241) (38 73 81) (411 532) (19 227 234) (29 125 134)
      (26 12) (31 112 118 119) (16 4 5 22 65 70) (54 47)
      (5 211 472 576 584 592 601 604 609 613 615 618 622 624 627 636 643
       650 658 666 675 683 691) (126 19) (412 298) (48 75) (413 53)
      (414 139)) "DISK_THM") (2 0 1 320 397 398 399 400 401)
    ("%199%181B921%404@%201%26U821U831B546U853B588%26%837B553U1016B613"))
   (375
    (((126 23)
      (3 302 474 482 501 664 673 682 690 709 717 725 728 729 730 733 752
       761 770 779 788) (407 411 419 427 434 453 462)
      (2 6 25 26 27 35 36 50 51 52 54 56 58 63 76 97 102 105 128 133 148
       150 155 186 187 190) (415 2 3) (137 21) (408 96) (23 127 134 143)
      (36 202 211 220 229 237 244 251 259 268 276) (409 104 131 144 163)
      (15 17 47 84 735) (410 241) (38 73 81) (411 532) (19 227 234)
      (29 125 134) (26 12) (31 33 34 112 118 119) (16 4 22 65 70) (54 47)
      (5 211 472 510 576 584 592 601 609 618 627 636 643 650 658 666 675
       683 691) (412 298) (48 75) (413 53) (414 139)) "DISK_THM")
    (2 0 1 277 397 398 399 400 401)
    ("%205%99%181%404%207%100%194%198$5$0U718B579U1016|U510$6$5B537$4B921$3@$2$1B537$0B546U853B588B549$5$1B559B613|U522|U462|U504|U505|U514|U462|U504"))
   (376
    (((126 24)
      (3 302 474 479 482 501 664 673 682 690 709 717 725 728 729 730 733
       752 761 770 779 788) (407 411 419 427 434 453 462)
      (2 25 26 27 35 36 50 51 52 54 56 58 63 76 93 95 96 97 98 101 102 105
       128 129 133 148 155 186 187 190) (415 2 3) (137 5 8 13 21) (408 96)
      (23 127 134 143)
      (36 127 162 202 211 217 220 229 234 237 241 244 251 259 263 265 268
       276) (409 104 131 144 163) (15 17 48 84 88 94 132 158 735 743)
      (410 241) (38 73 81) (411 532) (19 227 234) (29 125 134) (26 12)
      (31 33 34 112 118 119) (16 4 30 65 70) (54 47)
      (5 212 472 510 576 584 592 598 601 609 618 627 633 636 643 650 658
       666 675 683 691) (412 298) (48 75) (413 53) (414 139)) "DISK_THM")
    (2 0 1 289 397 398 399 400 401)
    ("%205%99B537%181B921%404@%207%100B537%194B546U853B588%99%100B559U1016B549%198%45%141%419%102%421%35%181$6U718B579%404$5U861U769$0$4B770%798B683B683B572$4%205B992$3U895U856B591$6%792U998B576U1016%99$6U716B972%99U970@%41$0U812U956|$5U936B775@$3@$2$1B816B594$3U752$1U752B578%207$1U895$4B762%205@B571%100U972%99U972B562%100U970$2B552%100U971%99U971$6U716%41$0U812U956|$5U936B775B742$3$1B535U904@%794B679B651B568B549B549B549B549B549B549B549B549B549|U619|U628|U615|U628|U636|U635|U635B613"))
   (377
    (((126 19) (3 474 664 725)
      (2 25 26 31 36 50 51 56 58 63 96 105 108 109 110 111 128 133 148 190)
      (137 8 12 17 18 19 21 38 39 40) (15 735) (416 6 12)
      (31 34 112 118 119) (16 4 5 59 60 61 62 65) (5 510 592 627 675))
     "DISK_THM") (2 0 1 227 397 398 399 400 401)
    ("%197%217B537%181B921%404@%208%237B546U853B588%27%224%243%181$2$1B662B579$1U911%404B710$2$1B923%404@$0U857B592$0%93%197%217B537$0U836U831B546U853|B1000%195%197%217B537$0U842B546U853|@%208%237B546U853B588B549B549B549|U640|U637|U618%225%226%251%129%181$3$2B731B579%404$1$0B683B572$3$1B911U1016%243$1%798B572$2$4B925$3@$0U857B592$0%93%197%217B537$0U836U831B546U853|B1000%195%197%217B537$0U842B546U853|@%208%237B546U853B588B549B549|U640B905$3$1B911B549B549B549|U633|U644|U637|U637%385%182%163%395%181$3$2B859$1@B579%404$0U769%798B683B572%410$4%892B612$1$0U901B573%197%217B537%208B596$3$0B986$2@U901U769U842%237B603B549B549B549|U621%412$4%891B612$1$0U900B573%197%217B537%208B596$3$0B985$2@U900U769U842%237B603B549B549B549|U620B905B549B549|U634|U636|U639|U645%276%323%35%181%714B579%404$2$1%798B683B683B572$2$1B926$0U713B555%197%217B537%208B596$0U676U842%237B603B549B549B549B549|U619|U644|U644%221%222%277%325%35%181$4$3B868B579%404$2$1%798B683B683B572$4$3B929$2@$1@$0U713B555%197%217B537%208B596$0U676U842%237B603B549B549B549B549|U619|U644|U644|U637|U641%35%141%244%200%181%813B579%404$3$2B770$1%798B683B683B572$2$1U826B991%197@$0U845B582$0%217B537%208B596%237%806%798B689U842B603B549B549B549B549|U632|U644|U636|U619%244%200%163%181%815B579%404$2%798B683B572$2U826%197B990$1$0B539B597$1%217B537%208B596%866$0B770U842%237B603B549B549B549B549|U636|U632|U644%37%165%244%181%814B579%404$2$1B770%798B683B572$1%197B992$0U826U856B591%197%217B537%208B596$0U842%237B603B549B549B549B549|U644|U636|U619%341%414%166%181%668B579%404$0U745U769$1U901U769$2B683B683B572$0%550U944B943U1016$2%798B572%197%217B537%208B596%237%999U836U831B603B549B549B905$0%550U944B943%200%141$4%798B572$2U648U809$3B817U895%197B990$1$0B539B597$1%217B537%208B596%866$0B770U842%237B603B549B549B549|U636|U632B905B549B549B549|U625|U621|U633%361%142%363%109%181%670B579%404$3$2B770$0U745U769$1B683B683B572$0%550U944B943U1016%419$2%798B572$3%197B992$0U895U856B591%197%217B537%208B596%237%999U836U831B603B549B549B549|U628B905$0%550U944B943%419$2%798B572$3%197B992$0U895U856B591$1U648U809$0U752B614U1016%197%217B537%208B596%237%999U836U831B603B549B905$1U648U809$0U752B614%197%217B537%208B596$1U648U809$0B703U901U769U842%237B603B549B905B549B549B549|U628B905B549B549B549|U625|U633|U636|U619%375%168%419%181%669B579%404$2$1B770%798B683B572$1%197B992$0U895U856B591%197%217B537%208B596$0U752U944U745U769U842%237B603B549B549B549B549|U628|U636|U619%376%144%379%415%112%181%672B579%404$4$3B770$0U745U769$1U901U769$2B683B683B683B572$0%550U944B943U1016%419$3%798B572$4%197B992$0U895U856B591%197%217B537%208B596%237%999U836U831B603B549B549B549|U628B905$0%550U944B943%419$3%798B572$4%197B992$0U895U856B591$1U648U809$0U752B614U1016%197%217B537%208B596%237%999U836U831B603B549B905$1U648U809$0U752B614%200$5$3$2U648U809B761$1@U895B991%197@$0U845B582$0%217B537%208B596%237%806%798B689U842B603B549B549|U632B905B549B549B549|U628B905B549B549B549|U625|U621|U633|U636|U619%137%177%212%181%693B579%404$0U861U769$1U745U769$2U745U769%798B683B683B683B572%197%217B537%208B596$0U936$1B536$2B915%803@%800B581%237%999U836U831B603B549%46$1U936$2B536$3B915%803@$0U844B581$0U941U861U769U842%237B603B549|U629B905B549B549B549|U635|U625|U625%390%50%53%138%178%213%419%181%692B579%404$1U861U769$2U745U769$3U745U769$6$5B770$4U745U769%798B683B683B683B683B683B572$5%197B992$0U895U856B591$1U936$2B536$3B915$0U1014$4B536U851@%800B581%197%217B537%208B596%237%999U836U831B603B549B549%46%200$3U936$4B536$5B915$2U1014$6B536U851@$1U844B581$7$1U910U895B991%197@$0U845B582$0%217B537%208B596%237%806%798B689U842B603B549B549B549|U632|U629B905B549B549B549|U628|U635|U625|U625|U625|U636|U619%401%203%139%179%419%181%691B579%404$4$3B770$1U745U769$2U745U769%798B683B683B683B572$3%197B992$0U895U856B591%197%217B537%208B596$0$1B534$2B914%802@%799B580%237%999U836U831B603B549%421$1$2B534$3B914%802@$0U843B580$0U1014U941U861U769U842%237B603B549|U628B905B549B549B549B549|U628|U625|U625|U636|U619%283%204%287%51%54%140%180%419%49%181%690B579%404$8$7B770$2U745U769$3U745U769$6$5B770$4U745U769%798B683B683B683B683B683B572$7%197B992$1U895U856B591$5%197B992$0U895U856B591$1$2B534$3B914$0$4B534U850@%799B580%197%217B537%208B596%237%999U836U831B603B549B549%421%200$3$4B534$5B914$2$6B534U850@$1U843B580$7$1U895B991%197@$0U845B582$0%217B537%208B596%237%806%798B689U842B603B549B549B549|U632|U628B905B549B549B549B549|U628|U628|U625|U625|U625|U636|U619|U636|U619%289%52%211%40%172%200%181%903B579%404$5$4B770$3U861U769%798B683B683B572$4%197B992$2U895U856B591%956%812B963$3U936B775$2B1015$1U843B580$4$1U895B991%197@$0U845B582$0%217B537%208B596%237%806%798B689U842B603B549B549B549B549B549B549|U632|U628|U628|U635|U636|U619%245%153%181%744B579%404$1%798B683B572$1U1007$0U844B581%197%217B537%208B596$0U941U861U769U842%237B603B549B549B549B549|U629|U644%212%181%715B579%404$0U861U769%798B683B572%197%217B537%208B596%41$0U684U769|$0U936B776U946U842%237B603B549B549B549|U635%292%293%114%181%865B579%404$2$0U745U769$1B683B683B572$0%550U944B943U1016%214$3$0U861U769B611$2%798B572%197%217B537%208B596%237%999U836U831B603B549B549B549|U635B905$0%550U944B943%214$3$0U861U769B611$2%798B572$1U648U809$0U997B614U1016%197%217B537%208B596%237%999U836U831B603B549B905$1U648U809$0U997B614%197%217B537%208B596$1U648U809$0U936B704U684U769U842%237B603B549B905B549B549B549|U635B905B549B549B549|U625|U633|U644%215%181%864B579%404$0U861U769%798B683B572%197%217B537%208B596$0U997U944U745U769U842%237B603B549B549B549|U635%246%405%212%181%863B579%404$2%798B683B572$2U1008$1U846B583$1U1009$0U848B585%197%217B537%208B596$0U861U769U842%237B603B549B549B549B549B549|U635|U633|U644%247%405%181%887B579%404$1%798B683B572$1U1008$0U846B583%197%217B537%208B596$0U886U842%237B603B549B549B549B549|U633|U644%297%298%116%181%889B579%404$2$0U745U769$1B683B683B572$0%550U944B943U1016%405$3$0U886B611$2%798B572%197%217B537%208B596%237%999U836U831B603B549B549B549|U633B905$0%550U944B943%405$3$0U886B611$2%798B572$1U648U809$0U754B614U1016%197%217B537%208B596%237%999U836U831B603B549B905$1U648U809$0U754B614%197%217B537%208B596$1U648U809$0B706U842%237B603B549B905B549B549B549|U633B905B549B549B549|U625|U633|U644%406%181%888B579%404$0U886%798B683B572%197%217B537%208B596$0U754U944U745U769U842%237B603B549B549B549|U633%248%301%169%181%657B579%404$0U745U769$2$1B683B683B572$0%550U944B943U1016$1%798B572%197%217B537%208B596%237%999U836U831B603B549B549B905$0%550U944B943%200%141$3%798B572$2U648U809$4B818U885%197B990$1$0B539B597$1%217B537%208B596%866$0B770U842%237B603B549B549B549|U636|U632B905B549B549B549|U625|U633|U644%200%141%181%658B579%404%806%798B689%798B683B572%798U885%197B990$1$0B539B597$1%217B537%208B596%866$0B770U842%237B603B549B549B549B549|U636|U632%200%141%181%659B579%404U885%197B990$1$0B539B597$1%217B537%208B596%866$0B770U842%237B603B549B549B549|U636|U632%304%146%305%117%181%664B579%404$3$2B770$0U745U769$1B683B683B572$0%550U944B943U1016%404$2%798B572$3%197B992$0U885U856B591%197%217B537%208B596%237%999U836U831B603B549B549B549|U633B905$0%550U944B943%404$2%798B572$3%197B992$0U885U856B591$1U648U809$0U754B614U1016%197%217B537%208B596%237%999U836U831B603B549B905$1U648U809$0U754B614%197%217B537%208B596$1U648U809$0B706U842%237B603B549B905B549B549B549|U633B905B549B549B549|U625|U633|U636|U619%309%170%420%181%660B579%404$2$1B770%798B683B572$1%197B992$0U885U856B591%197%217B537%208B596$0U754U944U745U769U842%237B603B549B549B549B549|U633|U636|U619%310%148%249%311%119%181%666B579%404$4$3B770$0U745U769$2$1B683B683B683B572$0%550U944B943U1016%404$2%798B572$4%197B992$0U885U856B591%197%217B537%208B596%237%999U836U831B603B549B549B549|U633B905$0%550U944B943%404$2%798B572$4%197B992$0U885U856B591$1U648U809$0U754B614U1016%197%217B537%208B596%237%999U836U831B603B549B905$1U648U809$0U754B614%200$5$4$2U648U809B763$1@U885B991%197@$0U845B582$0%217B537%208B596%237%806%798B689U842B603B549B549|U632B905B549B549B549|U633B905B549B549B549|U625|U633|U644|U636|U619%314%115%405%181%890B579%404$0U886$1U745U769$2B683B683B572%550U944$1B942U1016$1U809$0U754B551U1016B905$2%798B572%197%217B537%208B596$1U809$0B706U842%237B603B549B549B905%550U944$1B942$1U809$0U754B551B549B549B549B549|U633|U625|U633%328%147%329%118%181%665B579%404$3$2B770$0U745U769$1B683B683B572$0%550U944B943U1016$0%550U944B943%404$2%798B572$3%197B992$0U885U856B591$1U648U809$0U754B614U1016$1U648U809$0U754B614%197%217B537%208B596$1U648U809$0B706U842%237B603B549B905B549B549B549|U633B905B549B549B549|U625|U633|U636|U619%330%149%250%331%120%181%667B579%404$4$3B770$0U745U769$2$1B683B683B683B572$0%550U944B943U1016$0%550U944B943%404$2%798B572$4%197B992$0U885U856B591$1U648U809$0U754B614U1016$1U648U809$0U754B614%200$5$4$2U648U809B763$1@U885B991%197@$0U845B582$0%217B537%208B596%237%806%798B689U842B603B549B549|U632B905B549B549B549|U633B905B549B549B549|U625|U633|U644|U636|U619%334%143%335%111%181%671B579%404$3$2B770$0U745U769$1B683B683B572$0%550U944B943U1016$0%550U944B943%419$2%798B572$3%197B992$0U895U856B591$1U648U809$0U752B614U1016$1U648U809$0U752B614%197%217B537%208B596$1U648U809$0B703U901U769U842%237B603B549B905B549B549B549|U628B905B549B549B549|U625|U633|U636|U619%337%145%338%416%113%181%673B579%404$4$3B770$0U745U769$1U901U769$2B683B683B683B572$0%550U944B943U1016$0%550U944B943%419$3%798B572$4%197B992$0U895U856B591$1U648U809$0U752B614U1016$1U648U809$0U752B614%200$5$3$2U648U809B761$1@U895B991%197@$0U845B582$0%217B537%208B596%237%806%798B689U842B603B549B549|U632B905B549B549B549|U628B905B549B549B549|U625|U621|U633|U636|U619%223%181$0U871B579%197%217B537$0B1006%404@%208%237B546U853B588B549|U643%431%432%434%442%181%767B579%404$3$2%798B683B683B572$3U1008$1U846B583$2U1008$0U846B583%197%217B537%208B596$1$0B654U946U842%237B603B549B549B549B549B549|U633|U633|U644|U644%127%121%181%688B579%404$0U745U769$1U745U769%798B683B683B572%197%217B537%208B596%237%806%798B689U842B603B549B549B549|U625|U625%171%342%150%45%419%181$4U718B579%404$1U861U769$3$2B770%798B683B683B572$2%197B992$0U895U856B591%217$4U716B909%956%812B963$1U936B775@$0@%218%421$4$0U895B991%197@%804B964%200$0$2B537%806%798B689U842B546U853|@||B938%183%197%217B537$0U832U821U831B546U853|@%208%237B546U853B588B549B549B549|U628|U635|U636|U619|U635%343%181%712B579%404$0%798B683B572%108%125$2%806$1$0%798B683B683B689B611%197%217B537%208B596%806$1$0%798B683B683B689U842%237B603B549B549|U644|U644%78%107%123$3$2$1$0B544B711B611%197%217B537%208B596%806$1U957$0U957%798B683B683B689U842%237B603B549B549|U636|U636|U638B905B549B549|U644B905B905B905B905B905B905B905B905B905B905B905B905B905B905B905B905B905B905B905B905B905B905B905B905B905B905B905B905B905B905B905B905B905B905B905B905B905B905B905B905B554"))
   (378
    (((126 22)
      (3 14 98 137 302 474 479 482 501 664 673 682 690 709 717 725 733 752
       761 770 779 788) (407 411 419 427 434 453 462)
      (2 25 26 27 36 50 51 54 56 58 63 105 133 144 148 154 155 186 187)
      (415 2 3) (137 13 21) (408 96) (23 127 134 143)
      (36 127 132 162 202 211 220 229 234 237 244 251 259 263 265 268 276)
      (409 104 131 144 163) (33 173) (15 17 88 94 158 735 743) (410 241)
      (38 73 81) (411 532) (19 227 231 234) (29 125 134) (26 12)
      (31 7 33 34 112 118 119) (16 4 22 34 65 70) (54 47)
      (5 69 198 208 210 212 396 472 510 576 584 592 598 601 609 615 618 622
       624 627 636 643 650 658 666 675 683 691) (126 3) (412 298)
      (48 12 75) (413 53) (414 139)) "DISK_THM")
    (2 0 1 263 397 398 399 400 401)
    ("%192%99B537%181B921%34@%193%99B537%191B546U853B588%183%191$0U832U821U831B603U1016|U463B549%192%101B538%181B922%34@%193%101B538%191B547U854B589B613"))
   (379
    (((126 21)
      (3 302 474 477 479 482 501 664 673 682 685 687 690 709 717 725 729
       733 752 761 770 779 788) (407 411 419 427 434 453 462)
      (2 25 26 27 36 50 51 52 54 56 58 63 96 105 128 133 144 148 154 155
       186 187) (415 2 3) (137 21) (408 96) (23 127 134 143)
      (36 202 211 220 229 237 244 251 259 268 276) (409 104 131 144 163)
      (15 132 735 742 743) (410 241) (38 73 81) (411 532) (19 227 234)
      (29 125 134) (26 12) (31 33 34 112 118 119) (16 22 34 65 70) (54 47)
      (5 198 208 210 212 472 510 576 584 592 596 598 601 609 618 627 631
       633 636 643 650 658 666 675 683 691) (412 298) (48 75) (413 53)
      (414 139)) "DISK_THM") (2 0 1 252 397 398 399 400 401)
    ("%192%99B537%181B921%34@%804B588%192%101B538%181B922%34@%805B589B613"))
   (380 (((126 57) (5 625)) "DISK_THM") (1 0 1 494 397 398 399 400 401)
    ("%227$0U824U920$0B552|U448"))
   (381 (((126 87) (16 22)) "DISK_THM") (1 0 1 642 397 398 399 400 401)
    ("%253%267%44$2$1$0B533B532U917%721$0B777B566|U496|U450|U449"))
   (382
    (((126 89) (404 4 5 14) (3 793) (2 25 26 46 47 58 63 72 76 77 78 80)
      (405 1) (170 122 128)) "DISK_THM") (2 0 1 646 397 398 399 400 401)
    ("%2%151%219$1$0B702u2|U497|U507%151%198%258$2$1B696$0@u3|U490|U510|U507%236%320%349$2$1B697$0@u3|U461|U517|U507%370%384$1$0B698u2|U499|U507%394%399%281%285$3$2B701$1@$0@u4|U452|U510|U494|U507%299%300$1$0B700u2|U492|U510%303%308$1$0B699u2|U492|U492%313$0U695u1|U510B549B549B549B549B549B549B549%230$0u1|U456B613|U474"))
   (383 (((126 88))) (1 0)
    ("%916%19$0U896|U646%47%28$0%326%333%336%795U736|||B919%339%340%795U736||@%151%219%918$0B778U720U736||@%345%346%348%356%795U736||||@%152%198%258$1%795B680U736|||@%359%360%795U736||@%362%365%795U736||@%367%795U736|@||B898B561"))
   (384
    (((126 90) (3 444) (2 15) (137 21) (170 128 149) (126 88)) "DISK_THM")
    (2 0 1 646 397 398 399 400 401)
    ("%151%219B702U916%918%219B778U720B569%151%198B696%258@U916%198%795B680B569%236%320B697%349@U916%795B569%370%384B698U916%795B569%394%399B701%281@%285@U916%795B569%299%300B700U916%795B569%303%308B699U916%795B569%313U695U916%795B569B549B549B549B549B549B549B549"))
   (385 (((126 103) (2 25 50 54 56 58 63) (5 69 443) (126 102)) "DISK_THM")
    (2 0 1 714 397 398 399 400 401)
    ("%130U769U912%866B554%35%163B770U912%866B554%209%434B689U912%912%434B710B554%434U886U912%912%434B710B554%124%62B711U912%717B554%71%173B686%425@U912%717B554%73%104B823%174@U912%717B554B549B549B549B549B549B549"))
   (230 (((126 102) (2 14 25 35 56 63) (15 47 82) (5 443)) "DISK_THM")
    (2 0 1 708 397 398 399 400 401) ("%434$0U913%912$0B710B554|U505"))
   (386
    (((126 27) (2 14 25 50 56 63) (15 41 45 82) (406 11 12 21 22 32)
      (16 6 22 23) (5 385 598)) "DISK_THM") (2 0 1 351 397 398 399 400 401)
    ("%104%105%78%80$3$1B908$0@%96%162%61$2$4$6B823$2@B543||U875|U879$3B782U906$0B959B577|U512|U524|U448|U499"))
   (387
    (((126 77) (2 14 25 26 35 36 50 51 52 58 63 101 105 128 148 150 190)
      (15 38 39 41 82 191 560) (177 408) (5 631 632 633) (126 71 74 75))
     "DISK_THM") (2 0 1 574 397 398 399 400 401)
    ("%1%133%135$2U1003$1B756$0@$2$1U995B755$0U996@B613|U503|U502|U467"))
   (388
    (((126 98) (2 14 25 56) (15 43 82) (16 6 22) (89 202 208 432 438)
      (126 97)) "DISK_THM") (2 0 1 681 397 398 399 400 401)
    ("%187U728%184%61$0U724%860$1%795B966U758B737B694||U880%187U760B739U674B563"))
   (389
    (((126 96) (404 4 5 14)
      (62 1 2 3 4 5 7 8 26 28 29 30 31 49 54 68 93 115 215 222)
      (3 392 782 784) (417 2 5)
      (2 25 26 31 35 46 47 50 51 54 58 63 64 72 76 77 78 80 93 96 104 105
       107) (418 20 21)
      (408 31 32 35 36 37 42 53 55 57 59 61 63 65 66 67 68 69 76 81 82)
      (15 84 738) (405 1) (419 0 3 5 7) (16 5) (54 43) (170 122 135 137)
      (48 12 79)) "DISK_THM") (2 0 1 654 397 398 399 400 401)
    ("%10%12%14%15%61$0u4$0U822u4B613|U461%61%187$1u5$0u3B549$1$0B733u5B613|U501|U461%263$0U768u4|U506%273%154$0u4$1$0B687u5B613|U493|U515%122$0U882u4|U486%426%61$0u5$1$0B732u5B613|U461|U510%319%91$0u4$1$0B661u5B613|U493|U514%354%68%70$1u6$0u6B549$2$1B771$0@u6B613|U461|U461|U508%68%70%72$2u6$1u6$0u6B549B549$2$1B743$0@u6B613|U461|U461|U461%61%187$1u5$0u3B549$1$0B786u5B613|U501|U461%433%61%36$0u6$1u6B549$2$1B765$0@u6B613|U461|U461|U516%48%36$0u5$1u2B549$1$0B766u5B613|U461|U499%61%216$1u5$1$0B867u5B613|U452|U461%61%131$1u5$1$0B764u5B613|U507|U461%793u2%61%91$1u5$0u4B549$1$0B678u4B613|U493|U461%797u1%184%61%187$1u6$0u4B549$2$1B545$0B682u4B613|U501|U461|U517%796u0%371%426%61%48$1u7$0u4B549$3$2$1B540B542$0B681u4B613|U499|U461|U510|U510B549B549B549B549B549B549B549B549B549B549B549B549B549B549B549B549B549B549B549%254$0u4|U461%260$0u3|U493%262$0u2|U501%261$0u1|U499B549B549B549B613|U482|U483|U481|U475"))
   (390
    (((126 99) (2 14 25 35 56) (15 43 82) (16 22 35) (89 202 208 432 438)
      (126 97)) "DISK_THM") (2 0 1 688 397 398 399 400 401)
    ("%155$0U726%96%426%61$0U724$1U860%707B741B694||U873|U877$0U759B738U674B563|U499"))
   (391
    (((126 97) (62 1 2 3 4 5 7 8 26 28 29 30 31 49 54 68 93 115 215 222)
      (3 392 421 782) (417 2 5)
      (2 15 25 31 35 50 51 54 58 63 64 93 96 104 105 107) (418 20 21)
      (137 21)
      (408 31 32 35 36 37 42 53 55 57 59 61 63 65 66 67 68 69 76 81 82)
      (15 17 738) (419 0 3 5 7) (16 65) (54 43) (170 135 137 144 149)
      (126 91 92 93 94 95) (48 12)) "DISK_THM")
    (2 0 1 654 397 398 399 400 401)
    ("%61$0U822U724$0U724B563|U461%187%61$0$1B733U724$0U724$1U728B881B563|U461|U501%263$0U768U724%707B563|U506%273%154$1$0B687U724$0U727B563|U493|U515%122$0U882U724$0%707B741B563|U486%426%61$1$0B732U724$0U724$1U860%707B741B694B563|U461|U510%319%91$1$0B661U724$0U727B563|U493|U514%354%70%68$2$0B771$1@U724$0U724$1U724B881B563|U461|U461|U508%72%70%68$0$1B743$2@U724$0U724$1U724B881$2U724B881B563|U461|U461|U461%187%61$0$1B786U724$0U724$1U728B881B563|U461|U501%433%61%36$2$1B765$0@U724$1U724$0U724$2%707B965%426$0U860%707B741|@B694B881B563|U461|U461|U516%48%36$1$0B766U724$1U726$0U724B881%860%722B962$1B780U757B694B563|U461|U499%216%61$0$1B867U724$0U724B563|U461|U452%131%61$0$1B764U724$0U724B563|U461|U507%793U727%707B563%91%61$0$1B678U727$0U724$1U727B881B563|U461|U493%797U728%707B563%187%184%61$1$0B545$2B682U728$0U724%860$1%795B966U758B737B694$2U728B881B563|U461|U517|U501%796U726%707B563%426%371%61%48$2$3$1B540B542$0B681U726$1U724$3U860%707B741B694$0U726B881B563|U499|U461|U510|U510B549B549B549B549B549B549B549B549B549B549B549B549B549B549B549B549B549B549B549"))
   (392 (((126 100) (3 786)) "DISK_THM") (1 0 1 694 397 398 399 400 401)
    ("%151%184%61$2$1B697$0@U725$0$1%655U768B545%797B682B786U724B563|U461|U517|U507%151%48$1$0B698U725$0%655U768B766U724B563|U499|U507%264%270$1$0B702U725%707B563|U497|U507%318%352%371%382$3$2B701$1@$0@U725%707B563|U452|U510|U494|U507%386%389%392$2$1B696$0@U725%707B563|U490|U510|U507B549B549B549B549"))
   (393
    (((126 76) (2 25 26 35 51 52 58 63 101 105 128 148 150 190)
      (15 43 114 115 126 134) (89 18 121) (5 632) (126 56 64 74 75))
     "DISK_THM") (2 0 1 566 397 398 399 400 401)
    ("%0%95%157$2$1$0U996B774B708$2U1001$1U953$0B785B709B613|U503|U468|U465"))
   (394
    (((126 78) (2 25 26 27 35 51 52 58 63 101 105 106 128 148 150 190)
      (15 43 114 126 134) (89 18 121) (5 632) (126 64 74 75)) "DISK_THM")
    (2 0 1 584 397 398 399 400 401)
    ("%0%156$1U1001$0B709$1$0U995B708B554|U502|U465"))
   (395
    (((126 79) (2 25 27 51 58 63 105 128) (15 43 114 126 134) (89 18 121)
      (5 632) (126 64 74 75)) "DISK_THM") (2 0 1 592 397 398 399 400 401)
    ("%0%156$1U1001$0B709$1$0U995B708B613|U502|U465"))
   (396
    (((126 3) (2 25 29 50 54 56 58 62 63 64 105) (15 742 743) (19 231)
      (419 3 6 7) (31 119) (5 377 581 598) (27 3)) "DISK_THM")
    (2 0 1 30 397 398 399 400 401) ("%38U676%39U676B611%38%39B554B554"))))
 (incorporate (incorporate-types) incorporate-consts ("sv_rel" . 31)
  ("sv_every" . 41) ("store_vs" . 918) ("store_v_vs" . 635)
  ("shift_lookup" . 905) ("result_rel" . 26) ("map_sv" . 850)
  ("map_result" . 849) ("map_match" . 846) ("map_error_result" . 842)
  ("is_Refv" . 40) ("exc_rel" . 16) ("every_result" . 819)
  ("every_error_result" . 816) ("do_shift" . 813) ("dest_Refv" . 793)
  ("ctors_of_tdef" . 766) ("ctors_of_dec" . 81) ("FV_pes" . 539)
  ("FV_list" . 538) ("FV_defs" . 537) ("FV_dec" . 536) ("FV" . 535))
 (loadable-thydata
  ("userdef.deltas" (tag-knm 126 . 322) (tag-knm 126 . 322)
   (tag-knm 126 . 368) (tag-knm 126 . 346) (tag-knm 126 . 346)
   (tag-knm 126 . 341) (tag-knm 126 . 341) (tag-knm 126 . 364)
   (tag-knm 126 . 326) (tag-knm 126 . 366) (tag-knm 126 . 366)
   (tag-knm 126 . 365) (tag-knm 126 . 365) (tag-knm 126 . 339)
   (tag-knm 126 . 339) (tag-knm 126 . 380) (tag-knm 126 . 380)
   (tag-knm 126 . 352) (tag-knm 126 . 353) (tag-knm 126 . 319)
   (tag-knm 126 . 315) (tag-knm 126 . 321) (tag-knm 126 . 321)
   (tag-knm 126 . 320) (tag-knm 126 . 320) (tag-knm 126 . 345)
   (tag-knm 126 . 381) (tag-knm 126 . 381) (tag-knm 126 . 383)
   (tag-knm 126 . 384) (tag-knm 126 . 391) (tag-knm 126 . 392)
   (tag-knm 126 . 392))
  ("simp.deltas" (tag-knm 126 . 308) (tag-knm 126 . 310)
   (tag-knm 126 . 396) (tag-knm 126 . 356) (tag-knm 126 . 322)
   (tag-knm 126 . 368) (tag-knm 126 . 350) (tag-knm 126 . 346)
   (tag-knm 126 . 347) (tag-knm 126 . 348) (tag-knm 126 . 341)
   (tag-knm 126 . 342) (tag-knm 126 . 343) (tag-knm 126 . 364)
   (tag-knm 126 . 362) (tag-knm 126 . 361) (tag-knm 126 . 358)
   (tag-knm 126 . 357) (tag-knm 126 . 360) (tag-knm 126 . 326)
   (tag-knm 126 . 327) (tag-knm 126 . 329) (tag-knm 126 . 328)
   (tag-knm 126 . 324) (tag-knm 126 . 366) (tag-knm 126 . 365)
   (tag-knm 126 . 339) (tag-knm 126 . 380) (tag-knm 126 . 353)
   (tag-knm 126 . 319) (tag-knm 126 . 315) (tag-knm 126 . 312)
   (tag-knm 126 . 321) (tag-knm 126 . 345) (tag-knm 126 . 381)
   (tag-knm 126 . 384) (tag-knm 126 . 391) (tag-knm 126 . 392)
   (tag-knm 126 . 338) (tag-knm 126 . 230) (tag-knm 126 . 385))
  ("grammardelta" (OO "shift_lookup" (tag-tm . "%987"))
   (OO "do_shift" (tag-tm . "%928"))
   (OO "map_error_result" (tag-tm . "%949"))
   (OO "map_result" (tag-tm . "%952")) (OO "exc_rel" (tag-tm . "%934"))
   (OO "result_rel" (tag-tm . "%984"))
   (OO "every_error_result" (tag-tm . "%930"))
   (OO "every_result" (tag-tm . "%932")) (OO "map_sv" (tag-tm . "%953"))
   (OO "dest_Refv" (tag-tm . "%920")) (OO "is_Refv" (tag-tm . "%945"))
   (OO "sv_every" (tag-tm . "%1001")) (OO "sv_rel" (tag-tm . "%1003"))
   (OO "store_v_vs" (tag-tm . "%994")) (OO "store_vs" (tag-tm . "%995"))
   (OO "map_match" (tag-tm . "%951"))
   (OO "ctors_of_tdef" (tag-tm . "%917"))
   (OO "ctors_of_dec" (tag-tm . "%916")) (OO "FV_defs" (tag-tm . "%726"))
   (OO "FV_pes" (tag-tm . "%728")) (OO "FV_list" (tag-tm . "%727"))
   (OO "FV" (tag-tm . "%724"))
   (OO "SFV" (tag-tm . "%61%426$0$0U860$1U724B1062B1059|U1060|"))
   (OO "FV_dec" (tag-tm . "%725")))
  ("grammar" "hol" "ast" "namespace" "ffi" "semanticPrimitives"
   "namespaceProps")
  ("compute" (tag-knm 126 . 322) (tag-knm 126 . 368) (tag-knm 126 . 346)
   (tag-knm 126 . 341) (tag-knm 126 . 364) (tag-knm 126 . 326)
   (tag-knm 126 . 366) (tag-knm 126 . 365) (tag-knm 126 . 339)
   (tag-knm 126 . 380) (tag-knm 126 . 353) (tag-knm 126 . 319)
   (tag-knm 126 . 315) (tag-knm 126 . 321) (tag-knm 126 . 320)
   (tag-knm 126 . 345) (tag-knm 126 . 381) (tag-knm 126 . 384)
   (tag-knm 126 . 391) (tag-knm 126 . 392))
  ("DefnBase.indn.deltas"
   ((tag-th ("semanticPrimitivesProps" 107 (("ast" 481)) ("DISK_THM"))
     ("%1023%663u0%772u0%773u0%833u0B549B549B549%1029$0u1|U525B613|U1055")
     "semanticPrimitivesProps" 0) (tag-tm . "%987"))
   ((tag-th
     ("semanticPrimitivesProps" 108 (("semanticPrimitives" 608))
      ("DISK_THM"))
     ("%1019%1026%95$0$1U835b2|U468|U449%26%95$0$1U820b2|U468|U451B549%95%58$1$0b2|U458|U468B613|U1051")
     "semanticPrimitivesProps" 1) (tag-tm . "%949"))
   ((tag-th
     ("semanticPrimitivesProps" 109 (("semanticPrimitives" 617))
      ("DISK_THM"))
     ("%1021%1027%97%98$1$0b3$2U841@|U473|U470|U450%60%97%98$1$0b3$2U830@|U473|U470|U460B549%97%98%1045$2$1b3$0@|U1058|U473|U470B613|U1053")
     "semanticPrimitivesProps" 2) (tag-tm . "%952"))
   ((tag-th
     ("semanticPrimitivesProps" 110 (("semanticPrimitives" 608))
      ("DISK_THM"))
     ("%1017%1025%0$0$1U834b2|U465|U448%26%0$0$1U819b2|U465|U451B549%1024%57$1$0b2|U457|U465B613|U1049")
     "semanticPrimitivesProps" 3) (tag-tm . "%930"))
   ((tag-th
     ("semanticPrimitivesProps" 111 (("semanticPrimitives" 617))
      ("DISK_THM"))
     ("%1018%1025%11%13$1$0b3$2U838@|U469|U465|U448%58%11%13$1$0b3$2U827@|U469|U465|U458B549%11%13%1044$2$1b3$0@|U519|U469|U465B613|U1050")
     "semanticPrimitivesProps" 4) (tag-tm . "%932"))
   ((tag-th
     ("semanticPrimitivesProps" 112 (("semanticPrimitives" 626))
      ("DISK_THM"))
     ("%1020%1026%95$0$1U825b2|U468|U449%1033%95$0$1U894b2|U468|U491%1032%95$0$1U884b2|U468|U489%1048%1026%95$0$2$1B870b3|U468|U449|U528B549B549B549%95%1047$1$0b2|U527|U468B613|U1052")
     "semanticPrimitivesProps" 5) (tag-tm . "%953"))
   ((tag-th
     ("semanticPrimitivesProps" 113 (("semanticPrimitives" 626))
      ("DISK_THM"))
     ("%8%1025$0U824u1|U448%1033$0U893u1|U491%1031$0U883u1|U488%1048%1025$1$0B869u2|U448|U528B549B549B549%1046$0u1|U526B613|U485")
     "semanticPrimitivesProps" 6) (tag-tm . "%920"))
   ((tag-th
     ("semanticPrimitivesProps" 114 (("semanticPrimitives" 626))
      ("DISK_THM"))
     ("%8%1025$0U824u1|U448%1033$0U893u1|U491%1031$0U883u1|U488%1048%1025$1$0B869u2|U448|U528B549B549B549%1046$0u1|U526B613|U485")
     "semanticPrimitivesProps" 7) (tag-tm . "%994"))
   ((tag-th ("semanticPrimitivesProps" 115 (("pair" 36)) ("DISK_THM"))
     ("%1022%1042%1043$1$0B532u2|U1057|U449%1041$0u1|U1056B613|U1054")
     "semanticPrimitivesProps" 8) (tag-tm . "%917"))
   ((tag-th
     ("semanticPrimitivesProps" 116
      (("Canon_Port_Context" 4 5 14)
       ("arithmetic" 1 2 3 4 5 7 8 26 28 29 30 31 49 54 68 93 115 215 222)
       ("ast" 392 782 784) ("basicSize" 2 5)
       ("bool" 25 26 31 35 46 47 50 51 54 58 63 64 72 76 77 78 80 93 96 104
        105 107) ("canonContext" 20 21)
       ("cv" 31 32 35 36 37 42 53 55 57 59 61 63 65 66 67 68 69 76 81 82)
       ("list" 84 738) ("mesonLibContext" 1) ("numeral" 0 3 5 7) ("pair" 5)
       ("prim_rec" 43) ("relation" 122 135 137) ("sum" 12 79))
      ("DISK_THM"))
     ("%10%12%14%15%61$0u4$0U822u4B613|U461%61%187$1u5$0u3B549$1$0B733u5B613|U501|U461%263$0U768u4|U506%273%154$0u4$1$0B687u5B613|U493|U515%122$0U882u4|U486%426%61$0u5$1$0B732u5B613|U461|U510%319%91$0u4$1$0B661u5B613|U493|U514%354%68%70$1u6$0u6B549$2$1B771$0@u6B613|U461|U461|U508%68%70%72$2u6$1u6$0u6B549B549$2$1B743$0@u6B613|U461|U461|U461%61%187$1u5$0u3B549$1$0B786u5B613|U501|U461%433%61%36$0u6$1u6B549$2$1B765$0@u6B613|U461|U461|U516%48%36$0u5$1u2B549$1$0B766u5B613|U461|U499%61%216$1u5$1$0B867u5B613|U452|U461%61%131$1u5$1$0B764u5B613|U507|U461%793u2%61%91$1u5$0u4B549$1$0B678u4B613|U493|U461%797u1%184%61%187$1u6$0u4B549$2$1B545$0B682u4B613|U501|U461|U517%796u0%371%426%61%48$1u7$0u4B549$3$2$1B540B542$0B681u4B613|U499|U461|U510|U510B549B549B549B549B549B549B549B549B549B549B549B549B549B549B549B549B549B549B549%254$0u4|U461%260$0u3|U493%262$0u2|U501%261$0u1|U499B549B549B549B613|U482|U483|U481|U475")
     "semanticPrimitivesProps" 9) (tag-tm . "%724") (tag-tm . "%727")
    (tag-tm . "%728") (tag-tm . "%726"))
   ((tag-th
     ("semanticPrimitivesProps" 117 (("ast" 787) ("bool" 26)) ("DISK_THM"))
     ("%2%131%184%61$2$1B697$0@u3|U461|U517|U507%131%1039$1$0B698u2|U499|U507%131%1038$1$0B702u2|U497|U507%131%1037%1040%1028$3$2B701$1@$0@u4|U452|U510|U494|U507%131%1040%1035$2$1B696$0@u3|U490|U510|U507%1034%1040%1030$0$2U1063B1061$0u3B613|U456$0$1B700u2B613|U510|U492%1034%1036%1030$0$2U1063B1061$0u3B613|U456%1030$0$1U1063B1061$0u3B613|U456B549$1$0B699u2B613|U492|U492%1040$0U695u1|U510B549B549B549B549B549B549B549%1030$0u1|U456B613|U474")
     "semanticPrimitivesProps" 10) (tag-tm . "%725")))))
