(theory
 ("typeSysProps"
  ("typeSoundInvariants" . "b9ebe3e3330074f4ece65a2ea6fd03d777d55c60")
  ("semanticPrimitivesProps" . "7d56eab4a9356a68ec01ddc6b8ef342bafcfe802"))
 (core-data
  (tables
   (string-table "min" "fun" "bool" "list" "pair" "prod" "ast" "ast_t"
    "mlstring" "num" "namespace" "typeSystem" "t" "arith" "id" "finite_map"
    "fmap" "semanticPrimitives" "stamp" "dec" "exp" "tenv_val_exp"
    "type_env" "op" "pat" "typeSoundInvariants" "store_t" "test"
    "prim_type" "v" "shift" "!" "##" "arithmetic" "+" "," "/\\" "0"
    "prim_rec" "<" "<=" "=" "option" "==>" ">=" "?" "ALL_DISTINCT" "alist"
    "ALOOKUP" "APPEND" "ARB" "Aalloc" "AallocEmpty" "Alength" "Arith"
    "Asub" "Aupdate" "Aw8alloc" "Aw8length" "Aw8sub" "Aw8update" "BIT1"
    "Bind_name" "Bind_tvar" "CONS" "rich_list" "COUNT_LIST" "ConfigGC"
    "CopyAw8Aw8" "CopyAw8Str" "CopyStrAw8" "CopyStrStr" "pred_set"
    "DISJOINT" "EMPTY" "EVERY" "Empty" "Equality" "Explode" "F" "FEMPTY"
    "FFI" "FLAT" "FLOOKUP" "FRANGE" "FST" "FUNION" "FUPDATE_LIST" "FromTo"
    "combin" "I" "IN" "Implode" "K" "LENGTH" "LIST_REL" "LIST_TO_SET"
    "ListAppend" "Long" "MAP" "NIL" "NONE" "NUMERAL" "Opapp" "Opassign"
    "Opderef" "Opref" "RES_FORALL" "REVERSE" "SND" "SOME" "Shift"
    "word_size" "Short" "Strcat" "Strlen" "Strsub" "Tapp" "Tarray_num"
    "Tbool_num" "Tchar_num" "Test" "Tfn" "Tfn_num" "Tint_num" "Tlist_num"
    "Tref_num" "Tstring_num" "Ttup_num" "Tvar_db" "Tvector_num"
    "Tword64_num" "Tword8_num" "Tword8array_num" "TypeStamp" "UNCURRY"
    "VfromList" "Vlength" "Vsub" "W64" "W8" "ZERO" "ZIP" "\\/" "add_tenvE"
    "alist_to_fmap" "bind_tvar" "bind_var_list" "build_ctor_tenv"
    "check_ctor_tenv" "check_dup_ctors" "check_freevars"
    "check_freevars_ast" "check_type_names" "ctMap_ok" "typeSysProps"
    "db_merge" "deBruijn_inc" "deBruijn_subst" "deBruijn_subst_tenvE"
    "extend_dec_tenv" "find_recfun" "nsAppend" "nsBindList" "nsEmpty"
    "nsLookup" "nsMap" "num_tvs" "o" "o_f" "option_CASE" "pat_bindings"
    "prim_type_nums" "recordtype.type_env.seldef.c"
    "recordtype.type_env.seldef.c_fupd" "recordtype.type_env.seldef.t"
    "recordtype.type_env.seldef.t_fupd" "recordtype.type_env.seldef.v"
    "recordtype.type_env.seldef.v_fupd" "supported_arith"
    "supported_conversion" "supported_test" "t_of" "tenv_abbrev_ok"
    "tenv_ctor_ok" "tenv_ok" "tenv_val_exp_ok" "tenv_val_ok" "tveLookup"
    "type_ctor" "type_d" "type_def_to_ctMap" "type_ds" "type_e" "type_es"
    "type_funs" "type_name_subst" "type_op" "type_p" "type_pes" "type_ps"
    "type_subst" "type_v" "unchanged_tenv" "type_v_freevars"
    "type_subst_deBruijn_subst_list" "type_subst_deBruijn_inc_list"
    "type_recfun_lookup" "type_ps_length" "type_pes_def" "type_pes_cons"
    "type_p_tenvV_indep" "type_p_subst" "type_p_freevars" "type_p_bvl"
    "type_op_cases" "type_funs_tenv_exp_ok" "type_funs_lookup"
    "type_funs_find_recfun" "type_funs_distinct" "type_funs_Tfn"
    "type_funs_MAP_FST" "type_es_list_rel" "type_es_length"
    "type_e_subst_lem3" "type_e_subst" "type_e_freevars" "type_ds_sing"
    "type_ds_empty" "type_def_to_ctMap_mem" "type_def_to_ctMap_ind"
    "type_def_to_ctMap_def" "type_d_tenv_ok_helper" "type_d_tenv_ok"
    "type_d_check_uniq" "type_ctor_long" "tveLookup_subst_some"
    "tveLookup_subst_none" "tveLookup_no_tvs" "tveLookup_inc_some"
    "tveLookup_inc_none" "tveLookup_freevars_subst" "tveLookup_freevars"
    "tveLookup_db_merge_some" "tveLookup_db_merge_none" "tveLookup_bvl"
    "tveLookup_add_inc" "tenv_val_ok_nsEmpty" "tenv_val_ok_add_tenvE"
    "tenv_val_exp_ok_db_merge" "tenv_val_exp_ok_bvl_tvs"
    "tenv_val_exp_ok_bvl_funs" "tenv_val_exp_ok_bvl" "tenv_ok_empty"
    "tenv_ctor_ok_nsEmpty" "tenv_ctor_ok_merge" "tenv_ctor_ok_lookup"
    "tenv_abbrev_ok_nsEmpty" "tenv_abbrev_ok_merge" "tenv_abbrev_ok_lookup"
    "subst_inc_cancel" "num_tvs_deBruijn_subst_tenvE" "num_tvs_db_merge"
    "num_tvs_bind_var_list" "nsMap_build_ctor_tenv" "nsLookup_add_tenvE3"
    "nsLookup_add_tenvE2" "nsLookup_add_tenvE1" "nil_deBruijn_subst"
    "nil_deBruijn_inc" "mem_type_def_to_ctMap" "extend_dec_tenv_ok"
    "extend_dec_tenv_assoc" "deBruijn_subst_tenvE_def" "deBruijn_subst_id"
    "deBruijn_subst_freevars" "deBruijn_subst_check_freevars2"
    "deBruijn_subst_check_freevars" "deBruijn_subst_E_bvl"
    "deBruijn_subst2" "deBruijn_inc_deBruijn_inc" "deBruijn_inc0"
    "db_merge_def" "db_merge_bvl" "ctMap_ok_type_defs" "ctMap_ok_merge_imp"
    "ctMap_ok_lookup" "check_freevars_type_name_subst"
    "check_freevars_subst_single" "check_freevars_subst_list"
    "check_freevars_subst_inc" "check_freevars_subst" "check_freevars_add"
    "check_ctor_tenv_ok" "check_ctor_tenv_change_tenvT"
    "check_ctor_tenv_EVERY" "bind_var_list_append" "bind_tvar_rewrites"
    "bind_tvar0" "add_tenvE_nsAppend" "add_tenvE_bvl" "" "$(CAKEMLDIR)"
    "semantics" "proofs" "typeSysPropsScript.sml" "folMappingContext"
    "normalFormsContext" "cv" "namespaceProps" "res_quan" "canonContext"
    "marker" "misc" "numeral" "semanticPrimitivesProps" "basicSize"
    "relation" "Canon_Port_Context" "mesonLibContext" "Tdouble_def"
    "Tword8array_def" "Tword8_def" "Tword64_def" "Tvector_def" "Ttup_def"
    "Tstring_def" "Tref_def" "Tlist_def" "Tint_def" "Tfn_def" "Texn_def"
    "Tchar_def" "Tbool_def" "Tarray_def")
   (id-table (0 . 1) (0 . 2) (3 . 3) (4 . 5) (6 . 7) (8 . 8) (9 . 9)
    (10 . 10) (11 . 12) (6 . 13) (10 . 14) (15 . 16) (17 . 18) (6 . 19)
    (6 . 20) (11 . 21) (11 . 22) (6 . 23) (6 . 24) (25 . 26) (6 . 27)
    (6 . 28) (17 . 29) (6 . 30) (2 . 31) (4 . 32) (33 . 34) (4 . 35)
    (2 . 36) (9 . 37) (38 . 39) (33 . 40) (0 . 41) (42 . 42) (0 . 43)
    (33 . 44) (2 . 45) (3 . 46) (47 . 48) (3 . 49) (2 . 50) (6 . 51)
    (6 . 52) (6 . 53) (6 . 54) (6 . 55) (6 . 56) (6 . 57) (6 . 58) (6 . 59)
    (6 . 60) (33 . 61) (11 . 62) (11 . 63) (3 . 64) (65 . 66) (6 . 67)
    (6 . 68) (6 . 69) (6 . 70) (6 . 71) (72 . 73) (72 . 74) (3 . 75)
    (11 . 76) (6 . 77) (6 . 78) (2 . 79) (15 . 80) (6 . 81) (3 . 82)
    (15 . 83) (15 . 84) (4 . 85) (15 . 86) (15 . 87) (6 . 88) (89 . 90)
    (2 . 91) (6 . 92) (89 . 93) (3 . 94) (3 . 95) (3 . 96) (6 . 97)
    (10 . 98) (3 . 99) (3 . 100) (42 . 101) (33 . 102) (6 . 103) (6 . 104)
    (6 . 105) (6 . 106) (2 . 107) (3 . 108) (4 . 109) (42 . 110) (6 . 111)
    (6 . 112) (10 . 113) (6 . 114) (6 . 115) (6 . 116) (11 . 117)
    (11 . 118) (11 . 119) (11 . 120) (6 . 121) (11 . 122) (11 . 123)
    (11 . 124) (11 . 125) (11 . 126) (11 . 127) (11 . 128) (11 . 129)
    (11 . 130) (11 . 131) (11 . 132) (11 . 133) (17 . 134) (4 . 135)
    (6 . 136) (6 . 137) (6 . 138) (6 . 139) (6 . 140) (33 . 141) (3 . 142)
    (2 . 143) (25 . 144) (47 . 145) (11 . 146) (11 . 147) (11 . 148)
    (11 . 149) (17 . 150) (11 . 151) (11 . 152) (11 . 153) (25 . 154)
    (155 . 156) (11 . 157) (11 . 158) (155 . 159) (11 . 160) (17 . 161)
    (10 . 162) (10 . 163) (10 . 164) (10 . 165) (10 . 166) (11 . 167)
    (89 . 168) (15 . 169) (42 . 170) (6 . 171) (11 . 172) (11 . 173)
    (11 . 174) (11 . 175) (11 . 176) (11 . 177) (11 . 178) (11 . 179)
    (11 . 180) (11 . 181) (11 . 182) (25 . 183) (25 . 184) (25 . 185)
    (25 . 186) (25 . 187) (11 . 188) (25 . 189) (11 . 190) (155 . 191)
    (11 . 192) (11 . 193) (11 . 194) (11 . 195) (11 . 196) (11 . 197)
    (11 . 198) (155 . 199) (11 . 200) (11 . 201) (25 . 202))
   (type-table (1) "'b" (2 1) (0 2 0) (4) (2 4) (5) (3 6 5) (2 7) "'c"
    (3 9 8) "'a" (3 11 10) (2 12) (0 13 3) (6) (0 15 14) (8) (2 6)
    (3 18 17) (7 6 6 19) (0 20 16) (9) (3 6 17) (2 23) (10 11 1) "'d" (2 9)
    (3 27 26) (3 1 28) (11 11 29) (2 17) (3 31 15) (3 18 32) (12)
    (11 34 33) (13) (2 36) (0 15 0) (14) (15) (3 6 8) (3 18 41) (2 42)
    (2 39) (3 6 39) (3 6 45) (2 46) (0 31 31) (0 5 5) (0 11 1) "'f" "'e"
    (10 52 51) (2 11) (10 11 6) (16) (17) (18) (3 58 39) (2 59) (2 58)
    (3 1 8) (3 11 62) (2 63) (3 52 5) (2 65) (3 26 66) (3 9 67) (2 68)
    (3 31 9) (3 18 70) (7 11 1 71) (19) (11 15 73) (7 11 1 19) (3 15 17)
    (7 11 6 76) (7 6 6 76) (20) (2 15) (21) (22) (23) (3 11 70) (0 11 0)
    (0 85 0) (0 1 0) (0 87 0) (0 9 0) (0 89 0) (0 52 0) (0 91 0) (0 4 0)
    (0 93 0) (0 0 0) (0 95 0) (0 36 0) (0 97 0) (0 39 0) (0 99 0) (0 30 0)
    (0 101 0) (0 74 0) (0 103 0) (0 35 0) (0 105 0) (0 50 0) (0 107 0)
    (0 49 0) (0 109 0) (0 48 0) (0 111 0) (0 21 0) (0 113 0) (0 38 0)
    (0 115 0) (0 25 0) (0 117 0) (0 55 0) (0 119 0) (0 53 0) (0 121 0)
    (0 54 0) (0 123 0) (0 3 0) (0 27 0) (0 126 0) (0 5 0) (0 128 0)
    (0 37 0) (0 130 0) (0 44 0) (0 132 0) (0 18 0) (0 134 0) (0 80 0)
    (0 136 0) (0 61 0) (0 138 0) (0 64 0) (0 140 0) (0 13 0) (0 142 0)
    (0 69 0) (0 144 0) (0 43 0) (0 146 0) (0 8 0) (0 148 0) (0 47 0)
    (0 150 0) (0 24 0) (0 152 0) (0 60 0) (0 154 0) (0 31 0) (0 156 0)
    (0 6 0) (0 158 0) (0 72 0) (0 160 0) (0 75 0) (0 162 0) (0 77 0)
    (0 164 0) (0 20 0) (0 166 0) (0 78 0) (0 168 0) (0 58 0) (0 170 0)
    (0 12 0) (0 172 0) (0 84 0) (0 174 0) (0 34 0) (0 176 0) (0 17 0)
    (0 178 0) (0 40 0) (0 180 0) (0 56 0) (0 182 0) (0 82 0) (0 184 0)
    (0 68 68) (0 67 67) (0 187 186) (0 9 9) (0 189 188) (0 66 66)
    (0 191 187) (0 26 26) (0 193 192) (0 65 65) (0 49 195) (0 52 52)
    (0 197 196) (0 15 15) (0 15 199) (0 10 12) (0 11 201) (3 31 1)
    (3 11 203) (0 203 204) (0 11 205) (0 8 10) (0 9 207) (3 9 203)
    (0 203 209) (0 9 210) (3 18 31) (0 31 212) (0 18 213) (0 70 71)
    (0 18 215) (0 32 33) (0 18 217) (0 17 19) (0 18 219) (0 1 203)
    (0 31 221) (0 9 70) (0 31 223) (0 15 32) (0 31 225) (0 39 45) (0 6 227)
    (0 45 46) (0 6 229) (3 6 76) (0 76 231) (0 6 232) (0 17 23) (0 6 234)
    (0 17 76) (0 15 236) (0 39 59) (0 58 238) (3 34 204) (0 204 240)
    (0 34 241) (3 34 84) (0 84 243) (0 34 244) (0 0 95) (0 15 38)
    (0 38 115) (0 29 0) (3 15 11) (0 250 249) (0 251 0) (0 251 252)
    (0 18 134) (2 240) (0 255 0) (0 255 256) (0 31 156) (0 77 164)
    (7 51 52 209) (0 260 0) (0 260 261) (0 57 0) (0 57 263) (33 15)
    (0 265 0) (0 265 266) (33 84) (0 268 0) (0 268 269) (33 71) (0 271 0)
    (0 271 272) (33 33) (0 274 0) (0 274 275) (33 19) (0 277 0) (0 277 278)
    (33 45) (0 280 0) (0 280 281) (33 76) (0 283 0) (0 283 284) (33 17)
    (0 286 0) (0 286 287) (0 34 176) (0 17 178) (0 40 180) (0 56 182)
    (0 22 0) (0 293 0) (0 81 0) (0 295 0) (0 83 0) (0 297 0) (0 79 0)
    (0 299 0) (0 6 286) (0 24 301) (0 34 268) (2 243) (0 304 303) (0 24 24)
    (0 24 306) (0 255 255) (0 255 308) (0 81 57) (0 22 310) (0 40 40)
    (0 17 312) (0 15 313) (0 6 314) (0 15 312) (0 2 2) (0 1 317) (0 37 37)
    (0 36 319) (0 13 13) (0 12 321) (0 60 60) (0 59 323) (0 17 48)
    (0 15 80) (0 93 128) (0 42 0) (0 328 146) (0 7 0) (0 330 148)
    (0 178 156) (0 6 57) (2 66) (0 334 66) (2 8) (0 336 8) (0 34 274)
    (0 35 338) (11 34 15) (0 340 38) (0 42 18) (0 41 6) (0 46 6) (0 23 6)
    (0 35 35) (0 35 346) (3 34 33) (2 348) (0 349 35) (0 35 350) (0 81 310)
    (0 9 90) (0 5 129) (0 46 0) (0 355 0) (0 46 356) (0 243 0) (0 358 0)
    (0 243 359) (7 6 6 33) (0 361 361) (0 361 362) (0 20 20) (0 20 364)
    (0 78 78) (0 78 366) (0 54 15) (0 27 15) (0 44 15) (0 18 15) (0 80 15)
    (0 61 15) (0 64 15) (0 69 15) (0 43 15) (0 31 15) (0 44 156) (0 39 178)
    (0 379 378) (0 27 89) (2 5) (0 382 128) (0 80 38) (0 47 355) (0 59 0)
    (0 60 386) (0 304 358) (0 55 55) (0 11 389) (0 53 53) (0 52 391)
    (0 54 2) (0 50 393) (0 5 31) (0 4 17) (0 396 395) (0 80 31) (0 15 17)
    (0 399 398) (0 69 334) (0 68 66) (0 402 401) (0 69 69) (0 186 404)
    (0 66 382) (0 65 5) (0 407 406) (0 195 191) (0 43 336) (0 42 8)
    (0 411 410) (0 43 18) (0 42 6) (0 414 413) (0 8 255) (0 7 240)
    (0 417 416) (0 47 18) (0 344 419) (0 24 18) (0 345 421) (2 231)
    (0 24 423) (0 23 231) (0 425 424) (0 23 23) (0 427 306) (0 24 31)
    (0 23 17) (0 430 429) (0 17 17) (0 432 48) (0 386 0) (0 386 434)
    (0 349 349) (0 84 70) (0 68 67) (0 67 66) (0 33 32) (0 42 41) (0 70 9)
    (0 32 15) (0 41 8) (0 15 265) (0 84 268) (0 71 271) (0 33 274)
    (0 19 277) (0 45 280) (0 76 283) (0 17 286) (0 15 57) (0 83 453) (99)
    (0 455 454) (0 6 55) (0 31 399) (0 79 310) (0 17 432) (0 15 34)
    (0 6 461) (3 31 11) (3 9 463) (0 464 209) (0 463 209) (0 9 466)
    (0 467 465) (0 41 0) (0 18 469) (0 470 328) (0 11 209) (0 31 472)
    (0 473 466) (0 45 6) (0 39 6) (0 6 476) (0 477 475) (0 6 128)
    (0 479 330) (0 5 240) (0 6 481) (0 482 417) (0 6 148) (0 484 469)
    (0 6 475) (0 486 344) (0 17 231) (0 6 488) (0 489 425) (0 235 427)
    (0 58 99) (0 492 386) (0 212 24) (0 77 77) (0 40 495) (11 6 17)
    (0 24 497) (0 24 312) (0 15 499) (7 51 52 464) (0 54 501) (0 69 502)
    (0 20 503) (0 2 260) (0 69 505) (0 20 506) (3 18 463) (7 1 6 508)
    (0 54 509) (0 43 510) (0 20 511) (0 20 146) (0 18 178) (0 15 514)
    (0 18 93) (0 20 93) (0 40 312) (0 15 432) (0 15 519) (0 31 432)
    (0 15 521) (0 31 312) (0 56 56) (0 56 524) (0 47 280) (0 6 526)
    (0 72 72) (0 72 528) (0 75 75) (0 75 530) (0 77 495) (0 423 495)
    (7 11 1 76) (0 25 271) (0 72 535) (0 25 277) (0 75 537) (0 55 283)
    (0 77 539) (0 501 260) (0 465 541) (0 40 15) (0 342 328) (0 134 544)
    (0 438 402) (0 439 546) (0 33 15) (0 440 548) (0 443 549) (0 441 411)
    (0 444 551) (0 441 414) (0 343 553) (0 35 340) (0 548 555) (0 17 283)
    (0 557 283) (0 283 558) (0 286 559) (0 18 18) (0 58 561) (0 56 361)
    (0 362 524) (0 56 20) (0 364 524) (0 56 78) (0 366 524) (0 81 265)
    (0 22 569) (0 81 295) (0 79 295) (0 81 17) (0 509 0) (0 361 0)
    (0 534 0) (0 40 283) (0 15 577) (0 6 578) (0 53 251) (0 30 580)
    (0 38 182) (0 36 582) (0 56 583) (0 0 584) (0 27 304) (0 64 586)
    (0 15 587) (0 20 588) (0 2 255) (0 13 590) (0 15 591) (0 20 592)
    (0 80 349) (0 43 594) (0 15 595) (0 20 596) (0 37 582) (0 56 598)
    (0 0 599) (0 40 379) (0 56 601) (0 40 378) (0 56 603) (0 47 152)
    (0 40 605) (0 56 606) (0 20 396) (0 31 178) (0 57 609) (0 17 152)
    (0 58 611) (0 56 612) (0 15 613) (0 60 290) (0 40 615) (0 56 616)
    (0 15 617) (0 15 618) (0 31 152) (0 61 620) (0 56 621) (0 15 622)
    (0 497 432) (0 82 178) (0 74 625) (0 35 626) (0 15 627) (0 31 180)
    (0 629 0) (0 630 0) (0 291 0) (0 632 0))
   (term-table ("P" 21) ("a" 22) ("arg" 17) ("bindings" 24) ("check" 0)
    ("cn" 11) ("cn" 25) ("cn" 6) ("ctMap" 30) ("ctMap" 35) ("ctMap1" 35)
    ("ctMap2" 35) ("ctors" 8) ("d" 36) ("d" 37) ("dbmax" 15) ("decls" 38)
    ("e" 1) ("e" 39) ("e" 40) ("e1" 40) ("e2" 40) ("env" 11) ("env" 43)
    ("env" 24) ("env" 40) ("env'" 24) ("es" 44) ("fn" 6) ("funs" 47)
    ("g" 48) ("ga" 49) ("h" 50) ("i" 15) ("i1" 15) ("i2" 15) ("id" 1)
    ("id" 53) ("ids" 54) ("ids" 2) ("ids" 27) ("inc" 15) ("inc2" 15)
    ("k" 34) ("l" 15) ("mn" 11) ("mn" 52) ("n" 11) ("n" 55) ("n" 6)
    ("n" 15) ("new_bindings" 24) ("new_tenv" 56) ("next" 15)
    ("next_stamp" 15) ("op" 57) ("p" 58) ("pes" 60) ("ps" 61) ("r" 56)
    ("sk" 15) ("skip" 15) ("stamp" 34) ("t" 11) ("t" 4) ("t" 31) ("t" 17)
    ("t'" 17) ("t1" 17) ("t1''" 17) ("t1''''''" 17)
    ("t1'''''''''''''''''''''" 17) ("t1'''''''''''''''''''''''" 17)
    ("t1'''''''''''''''''''''''''''" 17)
    ("t1'''''''''''''''''''''''''''''''" 17) ("t2" 17) ("t2'''" 17)
    ("t2'''''''''''''" 17) ("t3" 17) ("t3'''''" 17) ("targs" 31)
    ("targs'" 31) ("tdecs" 38) ("tds" 64) ("tds" 13) ("tds" 69) ("tds" 43)
    ("te1" 24) ("te2" 24) ("te3" 40) ("tenv" 24) ("tenv" 40) ("tenv" 56)
    ("tenv'" 40) ("tenv'" 56) ("tenv1" 24) ("tenv1" 56) ("tenv2" 40)
    ("tenv2" 56) ("tenv3" 40) ("tenv3" 56) ("tenvC" 35) ("tenvC" 72)
    ("tenvC" 56) ("tenvC1" 72) ("tenvC2" 72) ("tenvE" 40) ("tenvE1" 40)
    ("tenvE2" 40) ("tenvS" 74) ("tenvT" 75) ("tenvT" 20) ("tenvT1" 75)
    ("tenvT1" 20) ("tenvT2" 75) ("tenvT2" 20) ("tenvV" 77) ("tenvV" 78)
    ("tenv_val" 11) ("test" 79) ("ti" 15) ("tid" 11) ("tids" 27)
    ("tids" 80) ("tis" 54) ("tn" 9) ("tn" 25) ("tn" 6) ("tn" 34) ("ts" 5)
    ("ts" 31) ("ts'" 31) ("ts''" 31) ("tvs" 11) ("tvs" 9) ("tvs" 18)
    ("tvs" 31) ("tvs" 15) ("tvs'" 11) ("tvs'" 1) ("tvs'" 18) ("tvs'" 15)
    ("tvs''" 1) ("tvs''" 15) ("tvs1" 15) ("tvs2" 18) ("tvs2" 15) ("ty" 81)
    ("ty'" 81) ("ty1" 81) ("ty2" 81) ("v" 20) ("v" 82) ("v1" 15) ("v10" 1)
    ("v11" 2) ("v12" 15) ("v13" 20) ("v16" 12) ("v17" 13) ("v18" 15)
    ("v19" 20) ("v2" 13) ("v20" 83) ("v21" 15) ("v3" 2) ("x" 5) ("x" 6)
    ("x" 84) ("x" 40) ("y" 6) ("z" 39) (24 86) (24 88) (24 90) (24 92)
    (24 94) (24 96) (24 98) (24 100) (24 102) (24 104) (24 106) (24 108)
    (24 110) (24 112) (24 114) (24 116) (24 118) (24 120) (24 122) (24 124)
    (24 125) (24 127) (24 129) (24 131) (24 133) (24 135) (24 137) (24 139)
    (24 141) (24 143) (24 145) (24 147) (24 149) (24 151) (24 153) (24 155)
    (24 157) (24 159) (24 161) (24 163) (24 165) (24 167) (24 169) (24 115)
    (24 171) (24 173) (24 175) (24 177) (24 179) (24 181) (24 183) (24 185)
    (25 190) (25 194) (25 198) (26 200) (27 202) (27 206) (27 208) (27 211)
    (27 214) (27 216) (27 218) (27 220) (27 222) (27 224) (27 226) (27 228)
    (27 230) (27 233) (27 235) (27 237) (27 239) (27 242) (27 245) (28 246)
    (29 15) (30 247) (31 247) (32 246) (32 248) (32 253) (32 254) (32 257)
    (32 258) (32 259) (32 262) (32 247) (32 264) (32 267) (32 270) (32 273)
    (32 276) (32 279) (32 282) (32 285) (32 288) (32 289) (32 290) (32 291)
    (32 292) (34 246) (35 247) (36 294) (36 100) (36 153) (36 159) (36 115)
    (36 296) (36 298) (36 179) (36 300) (37 134) (37 136) (38 302) (38 305)
    (39 307) (39 309) (40 56) (41 57) (42 57) (43 57) (44 311) (45 57)
    (46 57) (47 57) (48 57) (49 57) (50 57) (51 199) (52 315) (53 316)
    (54 318) (54 320) (54 322) (54 324) (54 325) (55 326) (56 57) (57 57)
    (58 57) (59 57) (60 57) (61 248) (62 38) (63 327) (63 329) (63 331)
    (63 332) (64 40) (65 57) (66 57) (67 0) (68 35) (69 333) (70 335)
    (70 337) (71 339) (72 341) (73 342) (73 343) (73 344) (73 345) (74 347)
    (75 351) (76 352) (77 189) (77 193) (77 197) (78 353) (78 354) (78 357)
    (78 360) (79 57) (80 363) (80 365) (80 367) (81 368) (81 369) (81 370)
    (81 371) (81 372) (81 373) (81 374) (81 375) (81 376) (81 377) (82 380)
    (83 381) (83 383) (83 384) (83 385) (83 387) (83 388) (84 57) (85 390)
    (85 392) (86 394) (86 397) (86 400) (86 403) (86 405) (86 408) (86 409)
    (86 412) (86 415) (86 418) (86 420) (86 422) (86 426) (86 428) (86 431)
    (86 433) (87 2) (87 37) (87 18) (87 13) (87 255) (87 31) (88 283)
    (89 199) (90 57) (91 57) (92 57) (93 57) (94 435) (95 308) (95 436)
    (96 437) (96 438) (96 439) (96 407) (96 440) (96 441) (96 442) (96 443)
    (96 444) (96 430) (97 445) (97 446) (97 447) (97 448) (97 449) (97 450)
    (97 451) (97 452) (98 456) (100 457) (101 57) (102 57) (103 57)
    (104 458) (105 15) (106 15) (107 15) (108 459) (109 460) (110 15)
    (111 15) (112 15) (113 15) (114 15) (115 15) (116 399) (117 15)
    (118 15) (119 15) (120 15) (121 462) (122 468) (122 471) (122 474)
    (122 478) (122 480) (122 483) (122 485) (122 487) (122 490) (122 491)
    (122 493) (123 57) (124 57) (125 57) (126 455) (127 455) (128 15)
    (129 494) (130 246) (131 496) (132 498) (133 316) (134 500) (135 504)
    (135 507) (135 512) (136 513) (137 328) (138 515) (139 516) (140 517)
    (141 105) (142 518) (143 520) (144 522) (145 523) (146 525) (147 527)
    (148 529) (148 531) (148 532) (149 533) (150 72) (150 75) (150 534)
    (150 77) (150 361) (150 20) (150 78) (151 536) (151 538) (151 540)
    (152 542) (153 543) (154 545) (154 547) (154 550) (154 552) (154 554)
    (155 556) (156 560) (157 562) (158 80) (159 563) (160 564) (161 565)
    (162 566) (163 567) (164 568) (165 570) (166 571) (167 572) (168 573)
    (169 162) (169 166) (170 160) (170 574) (170 575) (171 182) (172 180)
    (173 576) (173 164) (173 168) (174 579) (175 581) (176 585) (177 589)
    (177 593) (177 597) (178 600) (179 602) (180 604) (181 607) (182 608)
    (183 610) (184 614) (185 619) (186 623) (187 624) (188 628) ("P" 629)
    ("P" 291) ("m" 6) ("t" 40) ("t0" 17) (24 631) (24 633))) exports (nil)
  (nil)
  ((203 (((155 0) (2 25 50 56) (89 13) (11 104 109)) "DISK_THM")
    (2 0 1 41 301 302 303 304 305)
    ("%92$0U508U348$0U504U346$0U506U347%290B507B505B509$0B272|U222"))
   (204
    (((155 91) (33 1 26 29 30 54 180)
      (2 25 29 50 52 56 58 63 64 73 74 75 83 105 128 190) (89 23)
      (306 0 1 2 4 5) (3 47 114 231 236 311 743) (307 2 5 7 11 13) (4 4 22)
      (25 21 22 29) (155 8 34 42 66 68)
      (11 34 36 38 39 41 42 43 44 45 46 47 48 52 87 126 213)) "DISK_THM")
    (2 0 1 2224 301 302 303 304 305)
    ("%137%101%109%152%66$4$3B540$2@$1@$0@$4%387B469$0@B273|U220|U223|U181|U182|U215"))
   (205
    (((155 19) (47 11 42)
      (2 14 25 27 35 50 52 55 56 58 63 93 95 101 105 128) (89 8 23)
      (306 0 1 2 4 5) (3 41 47 82 114 743) (307 2 5 7 11 17)
      (42 6 7 14 118 119) (38 6) (65 694 696) (11 52 59 60 68 213))
     "DISK_THM") (2 0 1 392 301 302 303 304 305)
    ("%63%135%139%130%131%132%41$5U352$3U358B259%248$5B469$1B320B247$0$2B475$5$3B232U458U461U539$1B384B384$5%66$1$3B475$0@|$3B384B232U458U461U539$1B384B256B273|U215|U208|U208|U208|U173|U197|U172"))
   (206
    (((155 13) (47 9 11 17 42) (33 389)
      (2 14 25 26 27 35 50 52 55 56 58 63 72 83 93 95 96 101 105 128 150)
      (89 8 23) (306 0 1 2 4 5) (3 41 47 82 100 114 134 226 231 236 743)
      (307 2 5 7 11 17) (42 6 7 14 119) (4 4 8) (38 6) (65 694 696)
      (11 52 59 60 64 213)) "DISK_THM") (2 0 1 259 301 302 303 304 305)
    ("%131%130%135%41%60$2U352$3U358B259%248$2B469$4B320B247$0$1B474$2$3B232U458U461U539$4B384B384$2%66$1$2B474$0@|$3B384B232U458U461U539$4B384B256B273|U215|U215|U197|U208|U208"))
   (201
    (((155 92) (47 7 30)
      (33 1 2 3 4 5 7 8 26 29 54 93 115 180 214 215 218 222) (6 477 479)
      (2 2 14 15 25 26 27 29 31 35 36 42 50 51 52 54 55 56 58 60 63 64 75
       83 84 87 93 95 96 99 101 104 105 108 109 128 133 144 148 150 154
       178) (89 23)
      (308 31 32 35 36 37 42 53 55 57 59 61 63 65 66 67 68 69 76 81 82)
      (15 64) (306 0 1 2 4 5)
      (3 41 47 82 100 101 103 114 115 230 231 311 742 743) (309 76)
      (307 1 2 5 6 7 11 13 15 17 18) (42 118 119) (4 4 6 8 9 22 34)
      (65 256) (17 596 598) (25 21 22 29 30 50 52)
      (155 8 9 11 18 19 20 25 32 33 34 42 52 53 65 67 80)
      (11 34 36 38 39 41 42 43 44 45 46 47 48 52 68 126 213 222))
     "DISK_THM") (2 0 1 2279 301 302 303 304 305)
    ("%137%9%109%152%66$4$3B540$2@$1@$0@$4%80U358B259$3U472%141%387B469%80B320%80U358%387B469$0@B247B247B247%141$3B540$2@$1@%248%80B475$0@2B273B273|U220|U223|U181|U182|U215"))
   (207
    (((155 71) (47 7)
      (2 14 25 26 27 29 35 50 51 52 55 56 58 63 64 93 95 100 101 105 128
       148 178) (306 0 1 2 4 5) (3 17 82 740 742 743) (307 2 11 17)
      (42 116 118) (4 4 65) (17 389) (11 38 178 213)) "DISK_THM")
    (2 0 1 1591 301 302 303 304 305)
    ("%28%29%49%18%92%106%3%133%68%75$9$8B478$7$6B239U415B266$5$4B533$8@$3@$3$9B286$1$0B428U417B268B247B247$5$7%248B302$1@$4@B531$6@$0@$4U494%387B469$1$0B428@B247B273|U220|U220|U172|U206|U221|U222|U179|U209|U205|U209"))
   (208
    (((155 56) (2 14 25 26 36 50 51 52 56 58 63 105 128 148 178)
      (306 0 1 2 4) (3 40 82 742 743) (307 11) (38 52) (11 171))
     "DISK_THM") (2 0 1 941 301 302 303 304 305)
    ("%137%103%58%130%90$4$3B538$2@$1@$0@$2U354$1U358B259B273|U206|U208|U199|U222|U215"))
   (209 (((155 6))) (1 0 1 113 301 302 303 304 305)
    ("%137%141%92%106%57%68%75$6$5B537$4@$3@$2@$1@$0@$2U364%56%18%3$2%387B502U284$9$7B536$2@$4@$0@$7$8$0B463$6@B531$1@$3@B247B247|U277||U451B397B251|U220|U220|U207|U221|U222|U215|U215"))
   (210
    (((155 7) (2 25 26 35 50 51 52 56 58 63 105 128) (306 0 1 2 4) (3 178)
      (307 17) (4 4 22) (310 0) (155 6)) "DISK_THM")
    (2 0 1 122 301 302 303 304 305)
    ("%137%141%92%106%56%18%57%68%75$8$7B537$6@$5@$4$3B244$2B307@$1@$0@$4%387B502U284%3$9$7B536$5@$2@$0@$7$8$0B463$6@B531$4@$1@B247|U277$8$7B537$6@$5@$2@$1@$0@B247B247B251|U220|U220|U207|U179|U216|U221|U222|U215|U215"))
   (211
    (((155 60) (6 458 765 767)
      (2 25 26 27 35 36 47 50 51 55 56 58 63 73 74 93 95 101 105 128 148)
      (306 0 1 2 4 5) (3 742 743) (307 2 11 13 17 18)
      (11 36 39 41 42 43 45 46 104 171)) "DISK_THM")
    (2 0 1 1036 301 302 303 304 305)
    ("%56%137%92%66%3%117$4$3B536$5@$2@$1@$4$0U348$3B509B536$5@$2@$1@B251|U214|U206|U220|U222|U215|U216%58%137%92%65%3%117$4$3B538$5@$2@$1@$4$0U348$3B509B538$5@$2@$1@B251|U214|U206|U208|U222|U215|U199B247"))
   (212
    (((155 58)
      (33 1 2 3 4 5 7 8 28 29 31 49 54 68 93 113 115 180 214 215 218 222
       243 330) (6 477 479 765 767)
      (2 2 15 25 26 29 31 35 36 42 50 51 52 54 55 56 58 63 64 75 83 84 93
       95 96 99 100 101 104 105 107 128 133 144 148 150) (311 20 21)
      (89 23)
      (308 31 32 35 36 37 42 53 55 57 59 61 63 65 66 67 68 69 76 81 82)
      (306 0 1 2 4 5)
      (3 38 40 41 86 97 100 101 103 114 115 154 160 236 742 743)
      (307 1 2 5 6 7 11 12 13 17 18) (42 118 119) (4 4 22) (38 1) (65 647)
      (155 19 20 27 31) (11 36 39 41 42 43 45 46 51 52 64 68 170 171 213))
     "DISK_THM") (2 0 1 966 301 302 303 304 305)
    ("%50%92%56%66%51$4$3B536$2@$1@$0@%81%41%137%80$7U506U515$7U504U518$8$2$0U358B227B259$1%387B469$0B320$3%248$2B474$0B384B256B247B247B247B247$2$1B227$7B536$6@$2$3B475$5@2%167%66$1$4$5B475$0@B242||U450$4B382@B273|U208|U215|U215|U208B273|U206|U220|U216|U222|U215%50%92%58%130%51$4$3B538$2@$1@$0@%81%41%80%137$7U506U515$7U504U518$8$2$1U358B227B259$0%387B469$1B320$3%248$2B474$1B384B256B247B247B247B247$2$0B227$7B538$6@$2$3B475$5B384@%167%66$1$4$5B475$0@B242||U450$4B382@B273|U215|U208|U215|U208B273|U206|U208|U199|U222|U215B247"))
   (213
    (((155 57) (2 25 50 52 58 63 105 128) (89 23) (306 0 1 4)
      (3 41 47 97 130) (307 5 7) (4 9) (11 36 39 41 42 43 45 46 52 169))
     "DISK_THM") (2 0 1 951 301 302 303 304 305)
    ("%137%103%56%66%26$4$3B536$2@$1@$0@$4%387B469$1@$4%387B469%409$0B383B320B247B273|U206|U220|U216|U222|U215%137%103%58%130%26$4$3B538$2@$1@$0@$4%387B469$1B320$4%387B469%409$0B383B320B247B273|U206|U208|U199|U222|U215B247"))
   (214
    (((155 59) (33 1 2 3 4 5 7 8 28 29 31 54 93 115 180 215 218 222)
      (2 25 31 35 50 52 54 58 63 64 83 104 105 128)
      (308 31 32 35 36 37 42 53 55 57 59 61 63 65 66 67 68 69 76 81 82)
      (306 0 1 2 4) (307 2 11) (25 22) (155 8 41 57) (11 130 170))
     "DISK_THM") (2 0 1 1014 301 302 303 304 305)
    ("%137%103%56%66%3$4$3B536$2@$1@$0@%93$0U520$5$1B463$0@U520B273|U221B273|U206|U220|U216|U222|U215%137%103%58%130%3$4$3B538$2@$1@$0@%93$0U520$5$1B463$0@U520B273|U221B273|U206|U208|U199|U222|U215B247"))
   (215
    (((155 55) (6 98 101 302 307) (2 25 26 36 50 51 58 63 76 97 148 190)
      (3 17 84) (4 65)
      (11 8 13 34 35 36 38 39 40 41 42 43 44 45 46 47 146)) "DISK_THM")
    (2 0 1 933 301 302 303 304 305)
    ("%55%130B535%78@%1%147%55$1$0B294B260%2$0$1U513B270|%130B320%78$0U513B270$1$0B510%130U358U410B261B247B247B247|U280|U275%149%150%55$1$0B337B260%130$1U513%390B308B256%78$0U513B270$1$0B511B247B247B247|U280|U280%163%164%55%456$1B418$0@B260%130%390%438B423%390B308B256%78%390%438B423B270B247B247|U279|U281%163%164%55%455$1B418$0@B260%130%390%437B423%390B308B256%78%390%437B423B270B247B247|U279|U281B459%69%55%322B260%130$0$0%390B308B308B256%78%390%425B423B270B247B247|U282%119%148%55$1$0B427B260%130$0U513$0U513%390B308B308B256%78%390%425B423B270$1$0B512B247B247B247|U280|U283%75%55%393B260%130$0%78%390B308B308%429B423$0%390B308B308B256B247|U282%76%55%394B260%130$0%390B308%432B423$0%390B308B308B256%78%390%434B423B270B247B247|U282%70%55%396B260%130$0%390B308B256%78$0%390B308%432B423B270B247B247|U282%55%395B260%130%78%390B308%432B423%390B308B256B247%55%297B260%130%390%430B423%390%438B423%390B308B308B256%78%390%439B423B270B247B247%55%299B260%130%390%439B423%390%430B423%390B308B308B256%78%390%438B423B270B247B247%55%298B260%130%390%439B423%390B308B256%78%390%430B423B270B247B247%55%300B260%130%390%439B423%390%430B423%390%438B423%390B308B308B308B256%78%390%434B423B270B247B247%55%314B260%130%390%433B423%390%430B423%390%430B423%390B308B308B308B256%78%390%433B423B270B247B247%55%313B260%130%390%433B423%390%430B423%390%430B423%390%439B423%390%430B423%390B308B308B308B308B308B256%78%390%434B423B270B247B247%55%312B260%130%390%439B423%390%430B423%390%430B423%390B308B308B308B256%78%390%433B423B270B247B247%55%311B260%130%390%439B423%390%430B423%390%430B423%390%439B423%390%430B423%390B308B308B308B308B308B256%78%390%434B423B270B247B247%55%345B260%130%390%426B423%390B308%431B423%390B308B256%78%390%433B423B270B247B247%55%323B260%130%390%433B423%390B308B256%78%390%426B423%390B308%431B423B270B247B247%55%422B260%130%390%433B423%390%430B423%390B308B308B256%78%390%426B423B270B247B247%55%421B260%130%390%433B423%390B308B256%78%390%430B423B270B247B247%55%420B260%130%390%433B423%390B308%431B423%390B308B256%78%390%433B423B270B247B247%71%55%452B260%130$0%390B308%431B423%390B308B256%78$0%390B308%436B423B270B247B247|U282%55%454B260%130%78%390B308%436B423%390%430B423%390B308B308B256B247%72%55%453B260%130$0%390B308%436B423%390B308B256%78%390%430B423B270B247B247|U282%77%55%291B260%130%390%430B423$0%390B308B308B256%78$0%390B308%424B423B270B247B247|U282%75%55%292B260%130%390%434B423%390B308B256%78$0%390B308%424B423B270B247B247|U282%55%295B260%130%78%390B308%424B423%390%430B423%390B308B308B256B247%73%55%293B260%130$0%390B308%424B423%390B308B256%78%390%430B423B270B247B247|U282%79%55%296B260%130$0%390B308%424B423%390%430B423$0%390B308B308B308B256%78%390%434B423B270B247B247|U282%74%55%366B260%130$0%390B308%431B423$0%390B308%431B423%390B308B308B256%78$0%390B308%431B423B270B247B247|U282%55%310B260%130%390%430B423%390%430B423%390B308B308B256%78%390%434B423B270B247B247%49%55$0U326B260%130%390%433B423%390%439B423%390B308B308B256%78%390%434B423B270B247B247|U278B459B459B459B459B459B459B459B459B459B459B459B459B459B459B459B459B459B459B459B459B459B459B459B459B459B459B459B459B459B459B459B459B251"))
   (216
    (((155 73) (33 26)
      (2 14 25 26 36 50 51 52 55 58 63 95 101 105 128 148 178)
      (306 0 1 2 4 5) (3 82 742 743) (307 11 17) (25 22) (155 34 42)
      (11 38 130 178)) "DISK_THM") (2 0 1 1633 301 302 303 304 305)
    ("%29%24%92%106%137%3$2U494%248B259$3%248$0B463$1$2B462@B533$5@$4@B247$1$4B463%321@U520B273|U206|U215|U221|U222|U206|U205"))
   (217
    (((155 69) (47 7)
      (2 2 14 15 25 26 27 29 50 51 52 56 58 63 64 105 128 133 144 148 154
       178) (306 0 1 2 4) (3 82 178 742 743) (307 11 17) (42 119) (4 4)
      (11 38 178)) "DISK_THM") (2 0 1 1558 301 302 303 304 305)
    ("%28%106%29%3%49%18%92$6$2$1B239B240$4U363B343$0$5B533$4@$3@B247%66$4$7B286$0U417B268|U282B273|U222|U179|U209|U206|U205|U221|U209"))
   (218
    (((155 70) (47 7)
      (2 2 14 15 25 26 27 29 35 36 50 51 55 58 63 64 93 95 101 108 109 144
       148 178) (306 0 1 2 4 5) (3 17 82 742 743) (307 2 11 15 17)
      (42 118 119) (4 4 65) (17 389) (11 38 178)) "DISK_THM")
    (2 0 1 1575 301 302 303 304 305)
    ("%28%22%29%3%17%92%106%66$4$7B286$0U417B268$2$1B533$5@$4@B247%49%18$9$7B478$1$0B239U415B266|U276|U278B273|U220|U221|U222|U173|U206|U205|U172|U209"))
   (219
    (((155 72) (2 2 14 15 25 26 50 51 52 54 58 63 72 96 105 128 148 178)
      (306 0 1 2 4 5) (3 41 82 134 315 742 743) (307 4 7 11 17) (42 13)
      (4 6 22 23) (155 69) (11 38 178)) "DISK_THM")
    (2 0 1 1613 301 302 303 304 305)
    ("%92%106%29%3$3$2B533$1@$0@%167%170%171$2||U444|U448$1B379U284B273|U206|U205|U221|U222"))
   (220
    (((155 68) (47 7)
      (2 2 14 15 25 26 27 29 35 36 50 51 55 56 58 63 64 93 95 100 101 105
       128 148 178) (306 0 1 2 4 5) (3 47 82 742 743) (307 2 11 17)
      (42 116 118) (11 38 52 178)) "DISK_THM")
    (2 0 1 1539 301 302 303 304 305)
    ("%92%106%29%3%133%66%49$6$5B533$4@$3@$3$0B286$1U417B268B247%68%75$3$1$0B428B270$7U494%387B469$1$0B428@B247|U282|U282B273|U209|U220|U172|U206|U205|U221|U222"))
   (221
    (((155 63) (2 14 25 26 36 50 51 56 58 63 105 128 148 178) (306 0 1 2 4)
      (3 41 82 101 742 743) (307 11) (4 8) (11 38 178)) "DISK_THM")
    (2 0 1 1069 301 302 303 304 305)
    ("%29%92%106%24$2$1B533$3@$0@%333$3B379%334$0B380B254B273|U206|U221|U222|U205"))
   (222
    (((155 61) (2 14 25 26 36 50 51 56 58 63 148 178) (3 82 560 742 743)
      (11 178)) "DISK_THM") (2 0 1 1051 301 302 303 304 305)
    ("%27%130%92%106$1$0B532$3@$2@$1$0B531$3B359$2@B251|U221|U222|U208|U196"))
   (223
    (((155 62) (2 14 25 26 36 50 51 52 56 58 63 105 128 148 178)
      (306 0 1 2 4) (3 40 82 742 743) (307 11) (38 52) (11 178))
     "DISK_THM") (2 0 1 1059 301 302 303 304 305)
    ("%92%106%27%130$3$2B532$1@$0@$1U351$0U358B259B273|U208|U196|U221|U222"))
   (224
    (((155 22)
      (33 1 2 3 4 5 7 8 28 29 30 31 49 54 68 93 113 115 214 215 222 243
       330)
      (2 25 26 27 29 31 35 42 50 51 52 54 55 56 58 63 64 83 84 93 95 96 101
       104 105 107 128 133) (311 20 21)
      (308 31 32 35 36 37 42 53 55 57 59 61 63 65 66 67 68 69 76 81 82)
      (306 0 1 2 4) (3 100 114 115 236) (307 11 17) (65 647)
      (11 51 52 64 68)) "DISK_THM") (2 0 1 469 301 302 303 304 305)
    ("%137%145%66$2$1B469$0@%141%80%50$5$0$1U358B227B259$2$4B469$1B320B247$0$2B227$4B469$0%248$0B474$1B384B475$3@2B273|U215|U208|U215B273|U220|U197|U215"))
   (225
    (((155 67) (47 8)
      (33 1 2 3 4 5 7 8 26 28 29 30 31 35 49 54 68 82 93 101 113 115 165
       180 214 215 218 219 222 238 243 330)
      (6 477 479 505 584 585 586 587 588 589 590 591 592 593 594 595 596
       597 598 599 600 601 602 603 604 605 606 607 608 609 610 611 612 613
       614 615 616 617 618 619 620 621 622 623 624 625 626 631 632 633 634
       635 636 637 638 639 640 644 645 646 649 650 651 653 654 655 656 657
       658 659 660 661 670 728 730 783 785)
      (2 2 14 15 25 26 27 29 31 35 36 42 47 50 51 52 54 55 56 58 63 64 71
       72 73 74 75 83 84 93 95 96 99 101 104 105 107 128 133 134 144 148
       150 154 178 190 191) (311 20 21) (89 5 21 23)
      (308 31 32 35 36 37 42 53 55 57 59 61 63 65 66 67 68 69 76 81 82)
      (306 0 1 2 4 5)
      (3 40 41 47 82 100 101 114 115 142 151 178 236 346 742 743) (312 21)
      (313 354) (10 21 130) (309 53) (307 1 2 5 6 7 11 12 13 17 18)
      (314 0 3 7 15 16 17) (42 6 7 13 33 116 118 119) (4 4 6 22) (72 199)
      (38 6) (310 0) (65 3 277 394 647 684 696) (315 104) (25 20 22)
      (155 8 19 20 21 22 23 27 31 32 33 34 36 37 38 42 43 44 45 46 47 50 51
       52 53 54 55 57 58 65 66)
      (11 15 35 36 37 38 39 42 43 45 46 48 51 52 64 68 88 89 124 125 126
       133 141 145 177 178 213 215 222)) "DISK_THM")
    (2 0 1 1161 301 302 303 304 305)
    ("%92%106%18%66$3$2B531$1@$0@%107%80%137%81%108U494%248B259$7U506U515$7U504U518$7U508U523$6U520$1%387B469$2B320$6$3$2U358%108B462B473B271$0%248$3U494B474$2B384B256B247B247B247B247B247B247B247$7$2$3B476$1%108B462B473B531$5@$3U494$0B475$4@2B273|U208|U215|U208|U221B273|U220|U179|U221|U222%92%106%27%130$3$2B532$1@$0@%107%80%137%81%108U494%248B259$7U506U515$7U504U518$7U508U523$6U520$1%387B469$2B320$6$3$2U358%108B462B473B271$0%248$3U494B474$2B384B256B247B247B247B247B247B247B247$7$2$3B476$1%108B462B473B532$5@$3U494$0B475$4B384@B273|U208|U215|U208|U221B273|U208|U196|U221|U222%92%106%29%24$3$2B533$1@$0@%107%80%137%81%108U494%248B259$7U506U515$7U504U518$7U508U523$6U520$1%387B469$2B320$6$3$2U358%108B462B473B271$0%248$3U494B474$2B384B256B247B247B247B247B247B247B247$7$2$3B476$1%108B462B473B533$5@%167%66$1$5U494$2B475$0@B242||U450$4B382@B273|U208|U215|U208|U221B273|U206|U205|U221|U222B247B247"))
   (226
    (((155 66) (33 1 2 3 4 5 7 8 26 28 29 93 215 219 222)
      (2 2 15 25 26 27 31 34 35 50 51 52 54 55 58 63 64 73 74 75 93 95 96
       99 100 101 104 105 128 134) (89 23)
      (308 31 32 35 36 37 42 53 55 57 59 61 63 65 66 67 68 69 76)
      (306 0 1 2 4 5) (3 41 43 47 84 742) (10 21 130) (309 53)
      (307 1 2 5 7 11 13 17 18) (42 6 7 119) (4 6 9 22 35) (72 121) (310 0)
      (25 20 22) (155 16 42 43 49 55 57 65)
      (11 35 36 37 38 39 42 43 45 46 48 52 88 124 125 126 177)) "DISK_THM")
    (2 0 1 1111 301 302 303 304 305)
    ("%92%106%18%66$3$2B531$1@$0@$2U520$3U508U523B247$2U494%387B469$0@B273B273|U220|U179|U221|U222%92%106%27%130$3$2B532$1@$0@$2U520$3U508U523B247$2U494%387B469$0B320B273B273|U208|U196|U221|U222%92%106%29%24$3$2B533$1@$0@$2U520$3U508U523B247$2U494%387B469%409$0B383B320B273B273|U206|U205|U221|U222B247B247"))
   (227
    (((155 100) (2 25 26 50 51 55 58 63 93 95 99 101 148 178) (89 13)
      (306 0 1 2 4 5) (3 742 743) (309 11) (307 2 11 13 17) (72 68 92)
      (155 0 99) (11 104 109 123 188)) "DISK_THM")
    (2 0 1 2602 301 302 303 304 305)
    ("%4%92%13%16%59$4$3B530$2%386B305@$1@$0@$4$3B526$2@$1@$0@B251|U222|U187|U178|U222|U177"))
   (228
    (((155 99) (2 25 36 50 51 56 58 63 178) (3 742) (11 188)) "DISK_THM")
    (2 0 1 2594 301 302 303 304 305)
    ("%4%92%16%59$3$2B530%386@$1@$0@$1%316B252$0%489U348%487U346%488U347%290B507B505B509B272B247B251|U222|U187|U222|U177"))
   (229
    (((155 81) (47 7 9 17 26)
      (33 1 2 3 4 5 7 8 26 28 29 30 31 49 54 68 93 115 215 222 536) (316 2)
      (2 15 25 27 31 35 50 51 52 54 56 58 63 64 93 96 104 105 107 128 144)
      (311 20 21) (89 21)
      (308 31 32 35 36 37 42 53 55 57 59 61 63 65 66 67 68 69 76 81 82)
      (3 17 40 134 178 246 738) (314 0 3 5) (42 6 7 115 116 118 119)
      (4 4 7 8 9 22 34 65) (38 1 43) (317 135 137 144 149) (155 74 75 76))
     "DISK_THM") (2 0 1 1807 301 302 303 304 305)
    ("%111%53%83%122$3$2B527$1@$0@%43B287%168U411B262$1U355$0U350B259B247%168U400U406$0U360B341B273|U193|U200|U215|U213"))
   (230
    (((155 76) (318 4 5 14)
      (33 1 2 3 4 5 7 8 26 28 29 30 31 49 54 68 93 115 215 222) (316 2)
      (2 25 26 31 35 46 47 51 54 58 63 64 72 76 77 78 80 93 96 104 105 107)
      (311 20 21)
      (308 31 32 35 36 37 42 53 55 57 59 61 63 65 66 67 68 69 76 81 82)
      (3 84 738) (319 1) (314 0 3 5) (4 5 7 8 9 22) (38 43)
      (317 122 135 137)) "DISK_THM") (2 0 1 1708 301 302 303 304 305)
    ("%0%111%54$1$0b2%388@%385@|U215|U213%111%54%133%125%12%84%36%39$7$6%457U301U392B227b8$2@$0@$7$6b8$5$4$3B230B228$2B306@$1$0B304@B273|U192|U173|U201|U204|U174|U172|U215|U213%157%156%154%155$3$2b4%388@$1$0B304@|U192|U173|U215|U213%161%160%158%159$3$2b4$1$0B306@%385@|U201|U217|U215|U213B247B247B247%151%153%162%165$3$2b4$1@$0@|U192|U201|U215|U213B273|U186"))
   (231
    (((155 77) (33 1 2 3 4 5 7 8 26 28 29 30 31 49 54 68 93 115 215 222)
      (316 2) (2 15 25 31 35 51 54 58 63 64 93 96 104 105 107) (311 20 21)
      (89 21)
      (308 31 32 35 36 37 42 53 55 57 59 61 63 65 66 67 68 69 76 81 82)
      (3 17 738) (314 0 3 5) (4 7 8 9 22 65) (38 43) (317 135 137 144 149)
      (155 74 75)) "DISK_THM") (2 0 1 1708 301 302 303 304 305)
    ("%111%54$1$0B528%388@%385@%389B255|U215|U213%133%125%111%84%54%39%36%12$5$3B528$7$6$0B230B228$4B306@$1$2B304@$5$3%457U301U392B227B528$4@$2@%7%129$1$5B440$9$7U534$0B370$3B236B229B245||U446$0B378U398B289B255|U204|U173|U192|U215|U201|U213|U174|U172B247"))
   (232
    (((155 97) (33 26) (2 25 26 35 50 52 55 56 58 63 84 95 101 105 128 144)
      (89 13) (306 0 1 2 4 5) (3 43 114 115 134 234) (309 28 54 57 58)
      (307 11 17) (4 4 9 22 33 34) (72 137) (25 18 19 20 21 22)
      (155 2 3 4 5 27 34 42 57 65 66 93 96) (11 52 104 179 182 186))
     "DISK_THM") (2 0 1 2472 301 302 303 304 305)
    ("%4%92%13%82%94$4$3B526$2@$1@$0@$3U519$0U519B273B273|U222|U187|U178|U222|U177%4%92%14%82%94$4$3B530$2@$1@$0@$3U519$0U519B273B273|U222|U187|U195|U222|U177B247"))
   (233
    (((155 98) (2 58 73 74 75) (306 0 1 2 4) (307 2 11 17) (155 96 97))
     "DISK_THM") (2 0 1 2562 301 302 303 304 305)
    ("%4%92%13%82%94$4$3B526$2@$1@$0@$3U519B247$0$3B477U519B273|U222|U187|U178|U222|U177"))
   (234
    (((155 95) (6 792 794)
      (2 25 26 36 50 51 52 54 55 56 58 63 73 74 93 95 101 105 128 148 178)
      (89 23) (306 0 1 2 4 5) (3 43 335 742 743) (309 38)
      (307 2 3 4 5 6 7 11 17 18) (72 70 137) (11 115 186 188)) "DISK_THM")
    (2 0 1 2443 301 302 303 304 305)
    ("%4%92%13%82%52$4$3B526$2@$1@$0@%324$3B526$2@$1@$0@B273|U222|U187|U178|U222|U177%4%92%14%82%52$4$3B530$2@$1@$0@%324$3B530$2@$1@$0@B273|U222|U187|U195|U222|U177B247"))
   (235 (((155 29) (2 25 56 60) (4 6) (25 24)) "DISK_THM")
    (2 0 1 614 301 302 303 304 305)
    ("%8%46%37$2$1$0B368B525$2$0B525B253|U190|U175|U180"))
   (236
    (((155 44)
      (33 1 2 3 4 5 7 8 28 29 30 31 35 49 54 68 93 103 110 113 115 214 215
       219 222 243 330)
      (2 2 14 15 25 26 27 29 31 35 42 50 51 52 54 55 56 58 63 64 93 95 96
       99 101 104 105 128 133 154) (311 20 21) (89 23)
      (308 31 32 35 36 37 42 53 55 57 59 61 63 65 66 67 68 69 76 81 82)
      (306 0 1 2 4 5) (3 41 82 100 178 743) (307 5 7 11 12) (42 118 119)
      (4 4) (38 6) (65 647) (155 32) (11 15 63 64 68 89 126 213 215))
     "DISK_THM") (2 0 1 778 301 302 303 304 305)
    ("%49%19%80%137%66%41$5$0B524$4@$2$1B243U416B267$5$0B524$3$4B476@$2$2$0B227$4U494B227%248$2$0B227$4U494B227B474$3B384B475$1@B243U416B267B273|U215|U220|U215|U208|U221|U209"))
   (237
    (((155 36) (2 14 25 56 63) (42 34) (155 32) (11 89 215)) "DISK_THM")
    (2 0 1 688 301 302 303 304 305)
    ("%49%41%19$2$1B524%80$0B476@%391B267$2$1B524$0@%391B267B251|U221|U215|U209"))
   (238
    (((155 51) (33 26 29 101)
      (2 14 25 26 29 50 52 54 56 58 63 64 74 75 99 105 128 154)
      (306 0 1 2 4 5) (307 11 18) (42 118 119) (4 4) (25 22) (155 11 14)
      (11 89 126 215)) "DISK_THM") (2 0 1 866 301 302 303 304 305)
    ("%137%44%91%49%66$2U520$2U494%248B259B247$1$4B524$2@$3$0B243U416B267$1%248B524$2@$3$0B243U416B267B251B273|U220|U209|U221|U215|U215"))
   (239
    (((155 47)
      (2 2 14 15 25 26 27 29 50 52 55 56 58 63 64 95 100 101 105 128 154)
      (306 0 1 2 4 5) (307 11 17) (42 118 119) (4 4) (155 12) (11 89 215))
     "DISK_THM") (2 0 1 805 301 302 303 304 305)
    ("%49%41%19%137%66%42$5$4B524$3@$2$1B243U416B267%67$2$3$5B474$0@B270$6$1B524$4@$3$3$1B474$0@B243U416B267B247|U282B273|U215|U220|U215|U221|U215|U209"))
   (240
    (((155 38) (33 26 29) (2 14 25 56 63) (42 34) (11 89 215)) "DISK_THM")
    (2 0 1 708 301 302 303 304 305)
    ("%49%41%19$2$1B524$0@%391B267$2%248B524$0@%391B267B251|U221|U215|U209"))
   (241
    (((155 49) (33 26 31)
      (2 14 25 27 29 50 52 55 58 63 64 83 93 95 101 105 128)
      (306 0 1 2 4 5) (307 2 11 17) (42 118 119) (4 4) (25 22) (155 17)
      (11 89 126 215)) "DISK_THM") (2 0 1 830 301 302 303 304 305)
    ("%106%80%49%66%41$0$4U494B227%387B469$3B320$2$0B524$4@$3U358$1B243U416B267$4U520B247B247$0$4U494B227%387B469%248$3B475$1@2B273|U215|U220|U209|U208|U221"))
   (242
    (((155 39) (33 26 29 30 101)
      (2 14 25 27 29 50 52 56 58 63 64 95 99 101 105 128) (306 0 1 2 4 5)
      (307 11 18) (42 118 119) (4 4) (25 22) (155 14 34) (11 89 215))
     "DISK_THM") (2 0 1 718 301 302 303 304 305)
    ("%49%137%106%141%66$2U520$2U494%248B259$4$3B524$2@$1$0B243U416B267B247B247$1%387B469$0@B273|U220|U215|U221|U215|U209"))
   (243
    (((155 54) (33 30 31) (2 14 25 29 50 51 54 56 58 63 64 154) (89 21)
      (313 354) (42 34 118 119) (4 4) (155 33 34) (11 89 215)) "DISK_THM")
    (2 0 1 909 301 302 303 304 305)
    ("%49%41%107%108%137%66$5$4B524$3$2B473@$1$0B243U416B267$5$4B524$3@$1$0B243U416B267$5$4B524$3@%391B267$5$3U494$4B227B524$2@$1$0B243U416B267B247B459B251|U220|U215|U221|U221|U215|U209"))
   (244
    (((155 37) (33 30 31) (2 14 25 26 27 47 50 56 58) (89 21) (313 354)
      (42 34) (155 33 34) (11 89 215)) "DISK_THM")
    (2 0 1 697 301 302 303 304 305)
    ("%49%41%20%21$3$2B524$1$0B473@%391B267$3$2B524$1@%391B267$3$1U494$2B227B524$0@%391B267B247B251|U221|U221|U215|U209"))
   (245
    (((155 40) (47 7) (2 14 25 29 50 56 58 63 64 105 133 154) (3 82)
      (42 7 119) (4 4 6) (11 89 130)) "DISK_THM")
    (2 0 1 732 301 302 303 304 305)
    ("%167%137%141%3%106$4$3B524$2$1B463$0@2$1$4B286$4$3B524$0@B501%66$3$3$4B474$0@B243U416|@B267|U221|U206|U215|U215|U209"))
   (246
    (((155 48) (33 31)
      (2 14 25 27 29 50 52 55 56 58 63 64 95 101 105 128 154)
      (306 0 1 2 4 5) (307 11) (42 118 119) (4 4) (155 12) (11 89 215))
     "DISK_THM") (2 0 1 818 301 302 303 304 305)
    ("%167%41%91%137%66%42$5$4B524$3@$2$1B243U416B267$5$0$4B227B524$3@$2$2$0B474$1@B243U416B267B273|U215|U220|U215|U221|U215|U209"))
   (247 (((155 2) (2 25 63) (309 14) (25 20)) "DISK_THM")
    (2 0 1 89 301 302 303 304 305) ("%485U521"))
   (248
    (((155 88) (33 26 101) (2 14 25 50 52 56 58 63 105 128) (309 55) (4 22)
      (25 20 22 25) (155 34) (11 215)) "DISK_THM")
    (2 0 1 2187 301 302 303 304 305)
    ("%106%116$1U494%248B259$1U520$0U522B247B247$1$0B460U522B273|U212|U221"))
   (249
    (((155 50) (2 14 25 52 58 63 105 128) (25 22) (155 33 45) (11 215))
     "DISK_THM") (2 0 1 844 301 302 303 304 305)
    ("%20%21$1$0B473U520$0U520B273|U221|U221"))
   (250
    (((155 64) (2 14 25 26 36 50 51 58 63 105 128 148 178) (306 0 1 2 4)
      (3 47 82 742 743) (307 11 17) (25 22) (155 34 42) (11 38 52 130 178))
     "DISK_THM") (2 0 1 1079 301 302 303 304 305)
    ("%29%92%24%137%3%106$4%248$1B463$2$0B462@B533$5@$3@$0U520B247$2$3B463$0@U520B273|U221|U206|U215|U206|U222|U205"))
   (251
    (((155 65) (33 26 29) (2 14 25 26 35 36 50 51 58 63 105 128 148 178)
      (306 0 1 2 4) (3 47 82 742 743) (307 11 17) (25 22) (155 42)
      (11 38 52 130 178)) "DISK_THM") (2 0 1 1095 301 302 303 304 305)
    ("%29%24%92%3%118%106$3%248$2B463$0@B533$5@$4@$0U520B247%248$4B463$0@U520B273|U221|U172|U206|U222|U206|U205"))
   (252
    (((155 43) (33 26 29) (2 14 25 50 52 58 63 105 128) (3 41 47 82)
      (4 6 9) (25 22) (155 42) (11 130)) "DISK_THM")
    (2 0 1 765 301 302 303 304 305)
    ("%106%24$1U520$1U494%387B469%409$0B383B320B247%248$0B463$1@U520B273|U206|U221"))
   (253
    (((155 5) (2 25 50 63) (89 13) (309 14) (25 18 19 20 21) (11 104))
     "DISK_THM") (2 0 1 107 301 302 303 304 305)
    ("%489U348%487U346%488U347%290B507B505B509U519"))
   (254 (((155 3) (2 25 63) (309 14) (25 19)) "DISK_THM")
    (2 0 1 95 301 302 303 304 305) ("%483U516"))
   (255 (((155 30) (2 25 58 63 105 128) (309 54) (25 19)) "DISK_THM")
    (2 0 1 623 301 302 303 304 305)
    ("%104%105$1U516$0U516B247$1$0B479U516B273|U210|U210"))
   (256
    (((155 31) (2 25 50 52 58 63 105 128) (309 53) (4 22) (25 19))
     "DISK_THM") (2 0 1 634 301 302 303 304 305)
    ("%102%6%135%130%125$4U516$4$3B490$2$1$0B237B233U412B263B247%248$2B469$1B320B273|U174|U208|U197|U188|U210"))
   (257 (((155 4) (2 25 63) (309 14) (25 18)) "DISK_THM")
    (2 0 1 101 301 302 303 304 305) ("%484U514"))
   (258 (((155 28) (2 25 58 63 105 128) (309 54) (25 18)) "DISK_THM")
    (2 0 1 601 301 302 303 304 305)
    ("%112%114$1U514$0U514B247$1$0B480U514B273|U211|U211"))
   (259
    (((155 26) (2 25 50 52 58 63 105 128) (309 53) (4 22) (25 18))
     "DISK_THM") (2 0 1 568 301 302 303 304 305)
    ("%110%126%135%66$3U514$3$2B491$1$0B235U414B265B247%248$1B469$0@B273|U220|U197|U188|U211"))
   (260
    (((155 23)
      (33 1 2 3 4 5 7 8 26 28 29 30 31 49 54 82 93 113 115 214 215 219 222
       330)
      (2 2 14 15 25 26 27 29 31 35 42 50 51 52 54 55 56 58 63 64 93 96 99
       101 104 105 128 133 154) (311 20) (89 23)
      (308 31 32 35 36 37 42 53 55 57 59 61 63 65 66 67 68 69 76 81 82)
      (306 0 1 2 4 5) (3 41 82 178 743) (307 5 7 11 12) (38 6)
      (11 15 64 68 213)) "DISK_THM") (2 0 1 507 301 302 303 304 305)
    ("%66%130%41%248$1B475%248$0$1U358B227B474$2@2%248$0B474$2@B270|U215|U208|U220%131%130%41%248$1B475%248$0$1U358B227B474$2B384B384%248$0B474$2B384B256|U215|U208|U208B247"))
   (261 (((155 46) (33 113) (2 14 25 56) (155 32) (11 126 215)) "DISK_THM")
    (2 0 1 798 301 302 303 304 305)
    ("%80%106$1$0B476U494$0U494B259|U221|U208"))
   (262
    (((155 45) (33 1 2 3 4 5 7 8 28 29 31 93 113 215 219 222)
      (2 14 25 31 35 51 54 56 58 63 64 104) (89 21)
      (308 31 32 35 36 37 42 53 55 57 59 61 63 65 66 67 68 69 76) (313 354)
      (155 33) (11 126 215)) "DISK_THM") (2 0 1 790 301 302 303 304 305)
    ("%20%21$1$0B473U494$1U494$0U494B227B259|U221|U221"))
   (263 (((155 42) (2 14 25 56) (3 82) (4 6) (11 126 130)) "DISK_THM")
    (2 0 1 756 301 302 303 304 305)
    ("%137%24%106$2$1B463$0@U494$0U494B259|U221|U206|U215"))
   (264
    (((155 94) (33 536)
      (2 25 26 27 35 50 52 56 57 58 63 73 105 128 144 148) (89 5 8 21)
      (306 0 1 4) (3 39 40 41 43 97 134 333) (309 12 18 85 88) (307 18)
      (4 4 8 9 19 22 33 34 48 50 51) (72 18 60) (38 1) (65 131 694 696)
      (11 161 162)) "DISK_THM") (2 0 1 2401 301 302 303 304 305)
    ("%31%30%32%111%85%38$1U356$0U349B259%166$0%403%402%401B496$2B372U327B374U361B342$3U534$0u6B370$3U534$0B370u5B256B273|U194B247%134%130%121$2$1u7$0u6B236B231||U443|U441$2$1B464$0@B493$2%338%339%340$5B226U375B225B224$1B373B465$3$0B369@B258B273|U191|U202|U213|U183|U185|U184"))
   (265
    (((155 87) (2 14 25 50 52 54 56 58 63 105 128) (10 129) (309 25)
      (42 119) (4 4) (25 25) (11 215)) "DISK_THM")
    (2 0 1 2176 301 302 303 304 305)
    ("%106%116%48%66%146%45$4$0$3B367B492$1$2B243U416B267$5$4B460$0$3B367B492$1$2B243U416B267B273|U172|U215|U220|U189|U212|U221"))
   (266
    (((155 86) (33 30) (2 14 25 50 52 54 55 56 58 63 93 95 101 105 128)
      (306 0 1 2 4 5) (10 131) (309 25) (307 2 11 17) (42 34 119) (4 4)
      (25 25) (11 89 215)) "DISK_THM") (2 0 1 2164 301 302 303 304 305)
    ("%106%116%49%137%66%146$3$2B524$5@%391B267$4$3U419B492$0$1B243U416B267B247$5$4B460$3U419B492$0$1B243U416B267B273|U215|U220|U215|U209|U212|U221"))
   (267
    (((155 85) (33 30)
      (2 14 25 27 29 50 52 54 55 56 58 63 64 93 95 99 101 105 128)
      (306 0 1 2 4 5) (10 131) (309 25) (307 2 11 17 18) (42 118 119) (4 4)
      (25 25) (155 14) (11 89 215)) "DISK_THM")
    (2 0 1 2152 301 302 303 304 305)
    ("%106%116%49%137%66%146$0%387B469$1@$3$2B524$5@$0$1B243U416B267B247$5$4B460$3U419B492$0$1B243U416B267B273|U215|U220|U215|U209|U212|U221"))
   (268
    (((155 20) (2 14 25 27 35 50 52 54 56 58 63 105 128 133 154)
      (3 41 47 82 101 178 743) (11 52 67 68 213)) "DISK_THM")
    (2 0 1 429 301 302 303 304 305)
    ("%61%136%66$2%387B469$0@$2$1B475$0@$0B270B273|U220|U208|U215"))
   (269
    (((155 14) (33 1 2 3 4 5 7 8 28 29 31 49 54 68 93 103 115 215 219 222)
      (2 2 14 25 26 27 29 31 35 50 51 52 54 56 58 63 64 96 99 100 101 104
       105 128) (311 20) (89 23)
      (308 31 32 35 36 37 42 53 55 57 59 61 63 65 66 67 68 69 76 81 82)
      (306 0 1 2 4) (3 41 47 82 101 178 743) (307 1 2 5 7 11 12 18)
      (11 52 63 64 213)) "DISK_THM") (2 0 1 282 301 302 303 304 305)
    ("%61%137%66$2%387B469$0@$2%387B469$2$1B474$0@2B459$2$1B474$0@$0B270B273|U220|U215|U215"))
   (270
    (((155 78)
      (33 1 2 3 4 5 7 8 26 28 29 30 31 49 54 68 93 115 123 214 215 218 222
       536) (316 2)
      (2 15 25 26 27 31 35 42 50 51 52 54 56 58 63 64 93 96 101 104 105 107
       128 144 148) (311 20 21) (89 21)
      (308 31 32 35 36 37 42 53 55 57 59 61 63 65 66 67 68 69 76 81 82)
      (3 17 40 43 134 333 344 738) (314 0 3 5) (4 4 7 8 9 22 34 65)
      (72 18 60) (38 1 7 43) (317 135 137 144 149) (17 581) (155 74 75 76))
     "DISK_THM") (2 0 1 1718 301 302 303 304 305)
    ("%111%53%83%40%62%168$1$0B246$5$4B527$3@$2@U365B344$3U355$2U350B259B247%7%33$3$1$0B440B269$6$0B250$0$6$5U355B227B249B247B247|U279|U278B273|U218|U219|U193|U200|U215|U213"))
   (271
    (((155 96) (2 25 50 58 63 105 128) (89 13) (309 54) (25 18 20 21)
      (155 30) (11 104 123)) "DISK_THM") (2 0 1 2459 301 302 303 304 305)
    ("%92%94$1U519$0U519B247$1$0B477U519B273|U222|U222"))
   (272
    (((155 1) (2 25 50 56) (89 13) (309 24) (11 104 115 123)) "DISK_THM")
    (2 0 1 80 301 302 303 304 305)
    ("%96%98%100$2$1$0B477B477$2$1B477$0B477B272|U222|U222|U222"))
   (273 (((155 32) (11 214)) "DISK_THM") (1 0 1 648 301 302 303 304 305)
    ("%80$0%321B476%321B271|U208%80%137%25$2$1$0B303B476$1$2$0B476B303B271|U221|U215|U208%80%167%137%66%25$4$3$2B302$1@$0@B476$3$2B302$2$0U494B227%248$2$0U494B227B474$4B384B475$1@2$4$0B476@B271|U221|U220|U215|U209|U208B247B247"))
   (274
    (((155 24) (33 26 82)
      (2 2 14 15 25 26 27 35 50 52 54 56 58 63 99 105 128 133 154) (89 23)
      (306 0 1 2 4) (3 41 47 82 100 101 178 743) (307 5 7 11 12) (38 6)
      (65 339 340 647) (11 15 52 68 213)) "DISK_THM")
    (2 0 1 542 301 302 303 304 305)
    ("%66%50$0%387B469$1@%248%435$0U309B371B475$1@$1B270B273|U215|U220%130%50$0%387B469$1B320%248%435$0U309B371B475$1B384$1B256B273|U215|U208B247"))
   (275
    (((155 25) (33 26 82)
      (2 25 26 27 35 50 52 54 55 56 58 63 84 86 95 101 105 128 133 154)
      (306 0 1 2 4) (3 114 115 178 236) (307 11 17) (38 6) (11 52 67 68))
     "DISK_THM") (2 0 1 552 301 302 303 304 305)
    ("%61%80%66%137$3%248B259$0%387B469$2B320$2U358%387B469$1@B247B247$0%387B469$3$2B475$1@2B273|U215|U220|U208|U215"))
   (276
    (((155 16) (33 26 82)
      (2 25 26 27 35 50 52 54 55 58 63 84 95 101 105 128 133 154)
      (306 0 1 2 4) (3 114 115 236) (307 11 17) (38 6) (11 51 52 68))
     "DISK_THM") (2 0 1 317 301 302 303 304 305)
    ("%137%140%66%130%47%142$2U358$4B469$3@$5$4B469$2B320B247$5$4B469%248$2B475$3@2B273|U173|U172|U208|U220|U197|U215"))
   (277
    (((155 15)
      (33 1 2 3 4 5 7 8 26 28 29 31 49 54 68 82 93 115 215 222 243)
      (2 25 26 29 31 35 50 52 54 55 58 63 64 84 95 96 101 104 105 128 133
       154)
      (308 31 32 35 36 37 42 53 55 57 59 61 63 65 66 67 68 69 76 81 82)
      (306 0 1 2 4) (3 114 115 236) (307 11 17) (38 6) (11 51 52 68))
     "DISK_THM") (2 0 1 302 301 302 303 304 305)
    ("%137%140%66%130%47$4$3B469$2@$4$3B469$1B320B247$4$3B469%248$1B475$2@2B273|U172|U208|U220|U197|U215"))
   (278
    (((155 52) (2 14 25 50 56) (3 41 82) (4 6 22) (155 32 42) (11 130 222))
     "DISK_THM") (2 0 1 883 301 302 303 304 305)
    ("%95%97%137%80$0$2B463$1@B476$0%167%66$1$2$3U494B227%248$2$3U494B227B474%80B384B475$0@B242||U450$2B382B463%80$1B476@B271|U215|U221|U206"))
   (279
    (((155 21)
      (33 1 2 3 4 5 7 8 26 28 29 30 35 49 54 68 82 93 101 115 215 222 243)
      (2 2 14 15 25 26 27 29 31 35 50 51 52 54 56 58 63 64 96 99 101 104
       105 128 133 154) (89 5 23)
      (308 31 32 35 36 37 42 53 55 57 59 61 63 65 66 67 68 69 76)
      (306 0 1 2 4) (3 41 47 82 100 142 178 743) (307 5 7 11 12) (38 6)
      (65 647 696) (11 15 52 68 213)) "DISK_THM")
    (2 0 1 451 301 302 303 304 305)
    ("%66%60%80%81%138$2U358%387B469$4@$3%248$3B474$1B384B475%248$2B475$4@2%248$3%248$3B474$1B384B475$2B384B475$4@B270B273|U172|U208|U208|U215|U220%130%60%80%81%139$2U358%387B469$4B320$3%248$3B474$1B384B475%248$2B475$4B384B384%248$3%248$3B474$1B384B475$2B384B475$4B384B256B273|U173|U208|U208|U215|U208B247"))
   (280
    (((155 12)
      (33 1 2 3 4 5 7 8 28 29 31 49 54 68 93 103 113 115 215 219 222)
      (2 14 25 27 29 31 35 50 51 52 54 56 58 63 64 96 101 104 105 128 133
       154) (311 20)
      (308 31 32 35 36 37 42 53 55 57 59 61 63 65 66 67 68 69 76 81 82)
      (3 41 82 178 743) (11 63 64 213)) "DISK_THM")
    (2 0 1 207 301 302 303 304 305)
    ("%60%35%66%34$3$0B474$3$2B474$1@2$3$0$2B227B474$1@B270|U215|U220|U215|U215"))
   (281
    (((155 11) (33 26) (2 25 35 50 52 56 58 63 65 105 128 133) (313 204)
      (11 15 64 213)) "DISK_THM") (2 0 1 197 301 302 303 304 305)
    ("%66%60$0%248B474$1@$1B270|U215|U220%130%60$0%248B474$1B384$1B256|U215|U208B247"))
   (282 (((155 33) (11 214)) "DISK_THM") (1 0 1 659 301 302 303 304 305)
    ("%19%321$0B473$0B271|U221%137%20%21$2$1B303$0B473$2$1$0B473B303B271|U221|U221|U215%167%137%66%20%21$4$3B302$2@$1@$0B473$4$3B302$2@$1$0B473@B271|U221|U221|U220|U215|U209B247B247"))
   (283
    (((155 53) (2 14 25 50 56) (3 82) (4 6) (155 33) (11 130 222))
     "DISK_THM") (2 0 1 897 301 302 303 304 305)
    ("%95%97%99%137$0$3B463$2@$1B473$0$3B463$2$1B473@B271|U215|U221|U221|U206"))
   (284
    (((155 82) (47 7 17 54)
      (33 1 2 3 4 5 7 8 26 28 29 30 31 49 54 68 93 115 215 222 536) (316 2)
      (2 15 25 27 31 35 50 51 52 54 56 58 60 63 64 71 72 93 96 104 105 107
       128 144) (311 20 21) (89 8 21)
      (308 31 32 35 36 37 42 53 55 57 59 61 63 65 66 67 68 69 76 81 82)
      (15 46 79 86 87 105 119 126 170 173 264)
      (3 17 40 41 43 47 114 134 242 244 246 315 738) (314 0 3 5)
      (42 6 7 115 116 118 119) (4 4 7 8 9 22 34 65) (72 3 18 73 87 92 136)
      (38 1 43) (317 135 137 144 149) (65 707) (17 374 579 581) (25 23)
      (155 27 74 75 76 79 81) (11 158)) "DISK_THM")
    (2 0 1 1832 301 302 303 304 305)
    ("%111%53%86%123$0U285$0U362%503U362B315$1U357$0U353B259$3$1B467$3U515B247B247B247B247%325$3$2B529$1@$0@U399B336U472B273|U198|U203|U215|U213"))
   (285
    (((155 79) (2 25 55 56 58 63 93 95 96 100 101 105 128) (89 8 23)
      (15 86 119 287 318) (306 0 1 2 4 5) (307 2 4 5 6 7 11 17)
      (42 6 7 116 119) (4 9) (72 3 18 73 87) (25 23)) "DISK_THM")
    (2 0 1 1742 301 302 303 304 305)
    ("%10%11%407%404B497$1B500U330%407%404B497$0B500U330B315$1U472$0U472B247B247$1$0B335U472B273|U182|U182"))
   (286 (((155 80) (2 58 105 128) (15 264) (4 22) (25 23)) "DISK_THM")
    (2 0 1 1796 301 302 303 304 305)
    ("%9%5%135%130%120%128$5U472$5$0B329$3$2$1B238B234U413B264B247%248$3B469$2B320B273|U219|U215|U208|U197|U172|U182"))
   (287
    (((155 27) (2 25 27 31 35 50 52 56 58 63 73 74 75 83 105 128)
      (306 0 1 2 4) (3 47 100 114 115) (307 1 2 11 13) (314 3) (42 6 7)
      (4 5 65) (155 8 9 26) (11 38 43 52 55 56 150 154)) "DISK_THM")
    (2 0 1 581 301 302 303 304 305)
    ("%135%64%15%111$0U515$0$2B471$3$2B470B247B247$1$3B469$0$2B534@B273|U213|U215|U176|U197"))
   (288
    (((155 9) (47 8 11 17) (33 389)
      (2 25 26 35 50 52 55 56 58 63 72 84 93 95 96 101 105 128 150)
      (306 0 1 2 4 5) (3 114 115 226 231 236) (307 11 17) (42 6 7) (4 4)
      (11 51 52 60)) "DISK_THM") (2 0 1 159 301 302 303 304 305)
    ("%15%135%66%140%130$3U352$0U358B259$4$3B469$2@$4$1B469$0B320B247B247$4$1B469$3$0B232U458U461$2B539@B273|U208|U197|U220|U197|U215"))
   (289
    (((155 10) (2 14 25 50 52 55 56 58 63 93 95 101 105 128)
      (306 0 1 2 4 5) (3 41 47 82) (307 2 11 17) (155 9)) "DISK_THM")
    (2 0 1 182 301 302 303 304 305)
    ("%15%135%140%130%131$3U352$1U358B259$4$3B469$0B320$4$2B469$1B320B247B247$4$2B469$3$1B232U458U461U539$0B384B320B273|U208|U208|U197|U197|U215"))
   (290
    (((155 17)
      (33 1 2 3 4 5 7 8 26 28 29 31 49 54 68 82 93 113 115 215 222 243)
      (2 25 26 27 29 31 35 50 52 54 55 56 58 63 64 84 95 96 101 104 105 128
       133 154) (308 31 32 35 36 37 42 53 55 57 59 61 63 65 66 67 68 69 76)
      (306 0 1 2 4) (3 114 115 236) (307 11 17) (38 6) (11 51 52 64 68))
     "DISK_THM") (2 0 1 332 301 302 303 304 305)
    ("%137%145%66$2$1B469$0@%141%80%144$5$1U358$2B227B259$0$2B227$4B469$1B320B247$0$2B227$4B469%248$1B475$1U358$0B474$3@3B273|U215|U208|U215B273|U220|U197|U215"))
   (291
    (((155 18)
      (33 1 2 3 4 5 7 8 26 28 29 31 49 54 68 82 93 113 115 215 222 243)
      (2 25 26 29 31 35 50 52 54 55 56 58 63 64 84 95 96 101 104 105 128
       133 154)
      (308 31 32 35 36 37 42 53 55 57 59 61 63 65 66 67 68 69 76 81 82)
      (306 0 1 2 4) (3 114 115 236) (307 11 17) (38 6) (11 51 52 68))
     "DISK_THM") (2 0 1 353 301 302 303 304 305)
    ("%137%145%66$2$1B469$0@%141%80%144$5$1U358$2B227B259$0$2B227$4B469$1B320B247$0$2B227$4B469%248$1B475$3@2B273|U215|U208|U215B273|U220|U197|U215"))
   (292
    (((155 8) (33 1 2 3 4 5 7 8 28 29 49 54 68 93 115 180 215 222)
      (2 2 15 25 26 31 35 52 54 58 63 64 75 83 84 96 99 101 104 105 128)
      (89 23) (308 31 32 35 36 37 42 53 55 57 59 61 63 65 66 67 68 69 76)
      (306 0 1 2 4) (3 114) (307 1 2 5 7 11 13 18) (11 51 52)) "DISK_THM")
    (2 0 1 147 301 302 303 304 305)
    ("%137%140%66$2$1B469$0@%143$0$3B274$0$2B469$1@B273|U215B273|U220|U197|U215"))
   (293
    (((155 93) (33 536) (2 25 27 50 52 56 58 63 72 96 105 128 144)
      (3 40 114 134) (309 12 14 54 57) (4 4 22 34) (38 1) (65 236) (25 19)
      (155 27) (11 158 161 162)) "DISK_THM")
    (2 0 1 2369 301 302 303 304 305)
    ("%111%86%124$1U357$0U349B259$2$1B467$2U515B247B247$2$1B466$0@U517B273|U191|U203|U213"))
   (294
    (((155 83)
      (2 2 15 25 26 50 52 54 58 63 72 73 83 96 99 100 105 128 148 190)
      (89 8) (306 0 1 2 4) (3 39 41 47 114 126 130 134) (307 2 11 12)
      (4 9 19) (11 157 158)) "DISK_THM") (2 0 1 2074 301 302 303 304 305)
    ("%113%23%115%7%129$4U471$0B317$2U471$0B317B273||U445%408%405B498$1B376U328B319$2$1B467B247$0$1B467B273|U213|U203|U213"))
   (295
    (((155 84) (2 25 26 36 50 54 58 63 72 105 106 128 148) (89 8)
      (3 41 47 134 315) (4 8 9 22 33 34 65) (11 157 158)) "DISK_THM")
    (2 0 1 2088 301 302 303 304 305)
    ("%111%86$1$0B467%468$0B318%284%331B495$0B318%135%127%12%7%129$4U470$0B317$6U471$0B317B247||U445$0B319||U447|U442$0B318%332%405B499$0B377U284B247B247B247B251|U203|U213"))
   (296
    (((155 41) (2 14 25 50 56) (3 38 82) (4 6) (11 130 222)) "DISK_THM")
    (2 0 1 746 301 302 303 304 305)
    ("%50%87%88%89$3$2$1B288B463$0@$3$2B463$3$1B463$0@2B271|U221|U206|U206|U215"))
   (297
    (((155 34) (33 26 29 103 113) (2 25 29 50 56 58 63 64 154) (25 22)
      (155 32 33) (11 87 89 126 222)) "DISK_THM")
    (2 0 1 665 301 302 303 304 305)
    ("%137%20%21$2$1B462$0B473$2$1$0B473B462B271|U221|U221|U215%137%19$1$0B462U494$1$0U494B227B259|U221|U215%137%19$1$0B303U494$1$0U494B227B259|U221|U215%137%49%66%19$2$3B302$1@$0@U494$0U494B259|U221|U220|U209|U215%133%17%321U494%248B259|U173|U172%49%41%137%19$3$2B524$1$0B462@$3$2$1B227B524$0@B267|U221|U215|U215|U209%137%19$1$0B462U520$0U520B251|U221|U215%80%137%19$2$1$0B462B476$1$2$0B476B462B271|U221|U215|U208B247B247B247B247B247B247B247"))
   (298 (((155 35) (2 25 50 56 58 105 133 154) (11 87 221 222)) "DISK_THM")
    (2 0 1 681 301 302 303 304 305) ("%169%248$0B462$0B271|U221"))
   (299
    (((155 89) (2 14 25 50 56) (309 11 22 32) (4 4) (25 25) (11 215))
     "DISK_THM") (2 0 1 2203 301 302 303 304 305)
    ("%106%116$1%486B460$0B481$1$0B460B257|U212|U221"))
   (300
    (((155 90) (2 14 25 50 56 58 63 144) (3 41 45 82) (10 97) (309 32)
      (4 4 22 34) (25 25) (11 130)) "DISK_THM")
    (2 0 1 2210 301 302 303 304 305)
    ("%50%3%106%116$3$2B463$1@$0B460%167%66$1$5$0B243B241||U449$2B381$1$0B460B482B257|U212|U221|U206|U215"))))
 (incorporate (incorporate-types) incorporate-consts ("type_pes" . 619)
  ("type_def_to_ctMap" . 593) ("deBruijn_subst_tenvE" . 523)
  ("db_merge" . 518))
 (loadable-thydata
  ("userdef.deltas" (tag-knm 155 . 209) (tag-knm 155 . 209)
   (tag-knm 155 . 273) (tag-knm 155 . 273) (tag-knm 155 . 282)
   (tag-knm 155 . 282) (tag-knm 155 . 231))
  ("simp.deltas" (tag-knm 11 . 334) (tag-knm 11 . 333) (tag-knm 11 . 332)
   (tag-knm 11 . 331) (tag-knm 11 . 330) (tag-knm 11 . 329)
   (tag-knm 11 . 328) (tag-knm 11 . 327) (tag-knm 11 . 326)
   (tag-knm 11 . 325) (tag-knm 11 . 324) (tag-knm 11 . 323)
   (tag-knm 11 . 322) (tag-knm 11 . 321) (tag-knm 11 . 320)
   (tag-knm 155 . 203) (tag-knm 155 . 272) (tag-knm 155 . 247)
   (tag-knm 155 . 254) (tag-knm 155 . 257) (tag-knm 155 . 253)
   (tag-knm 155 . 255) (tag-knm 155 . 297) (tag-knm 155 . 298)
   (tag-knm 155 . 263) (tag-knm 155 . 262) (tag-knm 155 . 261)
   (tag-knm 155 . 228) (tag-knm 155 . 227))
  ("grammardelta" (OO "type_pes" (tag-tm . "%537"))
   (OO "deBruijn_subst_tenvE" (tag-tm . "%476"))
   (OO "db_merge" (tag-tm . "%473"))
   (OO "type_def_to_ctMap" (tag-tm . "%528")))
  ("grammar" "hol" "ast" "namespace" "typeSystem" "typeSoundInvariants"
   "namespaceProps" "semanticPrimitivesProps")
  ("compute" (tag-knm 155 . 209) (tag-knm 155 . 273) (tag-knm 155 . 282)
   (tag-knm 155 . 231))
  ("DefnBase.indn.deltas"
   ((tag-th
     ("typeSysProps" 101 (("bool" 26) ("typeSystem" 215)) ("DISK_THM"))
     ("%541%80$0%321b1|U208%544%50%80%80$0$3b4|U208$0$1$2B303b3B273|U208|U215|U221%544%545%50%543%80%80$0$5b6|U208$0$1$2B302$3@$4@b5B273|U208|U209|U215|U220|U221B247B247%80%544$1$0b2|U221|U208B273|U546")
     "typeSysProps" 0) (tag-tm . "%476"))
   ((tag-th
     ("typeSysProps" 102 (("bool" 26) ("typeSystem" 215)) ("DISK_THM"))
     ("%542%19%321$0b1|U221%544%50%19%19$3$0b4|U221$1$2B303$0b3B273|U221|U215|U221%544%545%50%543%19%19$5$0b6|U221$1$2B302$3@$4@$0b5B273|U221|U209|U215|U220|U221B247B247%544%19$1$0b2|U221|U221B273|U547")
     "typeSysProps" 1) (tag-tm . "%473"))
   ((tag-th
     ("typeSysProps" 103
      (("Canon_Port_Context" 4 5 14)
       ("arithmetic" 1 2 3 4 5 7 8 26 28 29 30 31 49 54 68 93 115 215 222)
       ("basicSize" 2)
       ("bool" 25 26 31 35 46 47 51 54 58 63 64 72 76 77 78 80 93 96 104
        105 107) ("canonContext" 20 21)
       ("cv" 31 32 35 36 37 42 53 55 57 59 61 63 65 66 67 68 69 76 81 82)
       ("list" 84 738) ("mesonLibContext" 1) ("numeral" 0 3 5)
       ("pair" 5 7 8 9 22) ("prim_rec" 43) ("relation" 122 135 137))
      ("DISK_THM"))
     ("%0%111%54$1$0b2%388@%385@|U215|U213%111%54%133%125%12%84%36%39$7$6%457U301U392B227b8$2@$0@$7$6b8$5$4$3B230B228$2B306@$1$0B304@B273|U192|U173|U201|U204|U174|U172|U215|U213%157%156%154%155$3$2b4%388@$1$0B304@|U192|U173|U215|U213%161%160%158%159$3$2b4$1$0B306@%385@|U201|U217|U215|U213B247B247B247%151%153%162%165$3$2b4$1@$0@|U192|U201|U215|U213B273|U186")
     "typeSysProps" 2) (tag-tm . "%528")))))
