(theory
 ("Hol4SmlApplication"
  ("Hol4SmlMacro" . "560b066f20e25a4f036daa2eb5a8b63894c9e8d0"))
 (core-data
  (tables
   (string-table "ast" "exp" "mlstring" "list" "semanticPrimitives" "v"
    "sem_env" "error_result" "namespace" "id" "lit" "state" "pair" "prod"
    "result" "bool" "!" "min" "fun" "," "/\\" "num" "0" "prim_rec" "<" "="
    "option" "==>" "App" "op" "arithmetic" "BIT1" "BIT2" "string" "CHR"
    "char" "COND" "CONS" "Closure" "HD" "Ident" "IntLit" "integer" "int"
    "combin" "K" "Let" "Lit" "Litv" "NIL" "NUMERAL" "Opapp" "Rabort"
    "abort" "Raise" "Rerr" "Rtimeout_error" "Rtype_error" "SOME" "Short"
    "ZERO" "Hol4SmlApplication" "argument_binding_stable" "evaluate"
    "dec_clock" "do_opapp" "fix_clock" "implode" "int_of_num"
    "lower_sml_left_application" "nsBind" "nsLookup" "option_CASE"
    "pair_CASE" "recordtype.sem_env.seldef.v"
    "recordtype.sem_env.seldef.v_fupd" "recordtype.state.seldef.clock"
    "result_CASE" "sml_left_application_reference" "temporary_capture_env"
    "~" "variable_argument_binding_stable"
    "temporary_capture_is_observable" "temporary_capture_env_def"
    "sml_left_application_reference_def"
    "lowered_application_preserves_first_error"
    "lower_sml_left_application_def" "lower_sml_left_application_correct"
    "literal_argument_binding_stable" "argument_binding_stable_def"
    "application_order_is_observable" "namespaceProps" "" "workspace"
    "scratch" "7755a98cf62b" "release-context"
    "Hol4SmlApplicationScript.sml" "cv" "numeral")
   (id-table (0 . 1) (2 . 2) (3 . 3) (4 . 5) (4 . 6) (4 . 7) (8 . 9)
    (0 . 10) (4 . 11) (12 . 13) (4 . 14) (15 . 16) (17 . 18) (17 . 15)
    (12 . 19) (15 . 20) (21 . 22) (21 . 21) (23 . 24) (17 . 25) (26 . 26)
    (17 . 27) (0 . 28) (0 . 29) (30 . 31) (30 . 32) (33 . 34) (33 . 35)
    (15 . 36) (3 . 37) (4 . 38) (3 . 39) (0 . 40) (0 . 41) (42 . 43)
    (44 . 45) (8 . 8) (0 . 46) (0 . 47) (4 . 48) (3 . 49) (30 . 50)
    (0 . 51) (4 . 52) (4 . 53) (0 . 54) (4 . 55) (4 . 56) (4 . 57)
    (26 . 58) (8 . 59) (30 . 60) (61 . 62) (63 . 64) (4 . 65) (63 . 63)
    (63 . 66) (2 . 67) (42 . 68) (61 . 69) (8 . 70) (8 . 71) (26 . 72)
    (12 . 73) (4 . 74) (4 . 75) (4 . 76) (4 . 77) (61 . 78) (61 . 79)
    (15 . 80))
   (type-table (0) (1) (3) (2 2) (4 2) (5 2) (6 1 1) (7) "'ffi" (8 8) "'a"
    (8 10) (9 4 0) (10 3 2) (13) (12 0 14) (12 15 14) (12 1 14) (12 17 14)
    (12 4 14) (12 19 14) (12 11 14) (12 21 14) (12 9 14) (12 23 14)
    (12 2 14) (12 25 14) (9 11 13) (12 13 27) (12 11 28) (12 14 14)
    (12 14 30) (17) (12 32 14) (12 32 33) (12 0 15) (12 1 17) (20 2)
    (12 37 14) (12 37 38) (12 27 14) (12 27 40) (9 9 13) (12 42 14)
    (12 42 43) (12 4 19) (12 2 25) (2 0) (12 47 0) (23) (12 49 48)
    (12 32 32) (27) (12 32 52) (12 27 27) (12 27 54) (12 14 55) (2 52)
    (12 57 57) (12 52 58) (12 47 47) (12 0 60) (12 3 3) (12 2 62) (12 0 2)
    (12 1 64) (12 4 65) (12 3 2) (12 6 0) (34) (12 69 7) (36 1 1 2)
    (12 71 71) (12 71 72) (12 0 0) (12 0 74) (20 1) (12 76 75) (12 7 0)
    (12 7 2) (44) (12 80 5) (12 5 13) (12 1 76) (12 2 37) (12 1 6)
    (12 1 15) (12 4 86) (12 11 87) (12 9 87) (12 11 11) (20 12) (12 3 91)
    (12 47 27) (12 4 93) (12 11 94) (12 47 42) (12 4 96) (12 9 97)
    (12 11 54) (12 57 1) (12 32 69) (12 1 75) (12 1 102) (12 2 72)
    (12 1 104) (12 6 37) (12 71 106) (12 12 27) (12 108 27) (12 27 109)
    (12 91 110) (12 0 27) (12 4 112) (12 113 27) (12 12 114) (12 29 27)
    (12 27 116) (12 4 71) (12 4 4) (12 72 119) (12 11 32) (12 5 27)
    (12 122 27) (12 3 27) (12 124 123) (12 13 125) (12 0 112) (12 4 127)
    (12 11 128))
   (term-table ("aexp" 0) ("aname" 1) ("arguments" 3) ("body" 0)
    ("body_env" 4) ("closure_env" 4) ("e" 0) ("env" 4) ("err" 5) ("fexp" 0)
    ("first_id" 6) ("first_value" 2) ("fname" 1) ("functions" 3)
    ("literal" 7) ("name" 1) ("s" 9) ("s1" 11) ("s2" 11) ("second_id" 6)
    ("second_value" 2) ("st" 11) ("st" 9) ("temp" 1) ("v" 12) ("v2" 13)
    ("v3" 13) ("value" 2) (11 16) (11 18) (11 20) (11 22) (11 24) (11 26)
    (14 29) (15 31) (16 32) (18 34) (19 31) (19 35) (19 36) (19 34) (19 39)
    (19 41) (19 44) (19 45) (19 46) (21 31) (22 50) (24 51) (25 51) (26 53)
    (28 56) (29 59) (29 61) (29 63) (30 66) (31 67) (32 68) (33 70) (35 73)
    (37 77) (38 78) (39 79) (40 57) (40 47) (40 3) (41 51) (42 49) (43 81)
    (45 74) (46 82) (47 80) (48 80) (49 83) (49 84) (50 85) (51 32) (52 88)
    (52 89) (53 90) (54 92) (55 95) (55 98) (56 99) (57 100) (58 101)
    (59 103) (60 105) (61 107) (62 111) (63 115) (63 117) (64 118) (65 120)
    (66 121) (67 126) (68 129) (69 119) (70 30))) exports (nil) (nil)
  ((81
    (((61 4) (61 2) (15 25 26 27 35 52 54 56 58 105 125) (44 13) (63 17)
      (8 86) (91 39) (4 54)) "DISK_THM") (2 0 1 47 92 93 94 95 96 97)
    ("%15%23B40U99%21%7B78%23@%15U76U58@B47"))
   (82
    (((61 9) (61 0 1 8) (30 1 2 3 4 5 7 8 49 54 93 115 213 221) (0 314)
      (15 25 26 27 31 35 50 54 58 63 64 65 96 101 104 105 130 149)
      (44 10 13 24)
      (98 31 32 35 36 37 42 53 55 57 59 61 63 65 66 67 68 69 76 81 82)
      (63 0 17) (3 6 18 23 222 705 706) (2 230) (8 62 86) (91 39)
      (99 3 6 7) (26 7) (12 4 65)
      (4 17 25 54 55 122 202 341 342 430 636 662) (33 3)) "DISK_THM")
    (2 0 1 95 92 93 94 95 96 97)
    ("%36%21U95B37%21%5U98B82%77U50U49U49U49U50U49U67U51%77U50U50U49U49U50U50U67U51%77U50U49U50U49U49U49U67U51%77U50U50U49U50U50U49U67U51%77U50U49U50U50U50U49U67U51%77U50U49U49U50U50U49U67U51%77U50U49U50U50U50U50U67U51%77U50U50U49U50U49U50U67U51%64B53B53B53B53B53B53B53B53U85%77U50U50U49U49U49U49U67U51%77U50U50U49U49U49U50U67U51%77U50U49U49U50U50U49U67U51%77U50U50U49U49U50U50U67U51%77U50U49U49U49U50U49U67U51%77U50U49U50U50U50U50U67U51%77U50U49U49U50U49U50U67U51%64B53B53B53B53B53B53B53U85B87%77U50U49U49U50U50U50U67U51%77U50U50U49U50U50U49U67U51%77U50U49U50U50U50U50U67U51%77U50U49U49U50U49U49U67U51%77U50U50U49U50U49U50U67U51%77U50U49U50U49U50U49U67U51%77U50U50U49U49U49U49U67U51%77U50U49U50U50U50U50U67U51%64B53B53B53B53B53B53B53B53U85U76U58@%77U50U49U49U49U50U49U67U51%77U50U50U49U49U50U50U67U51%77U50U49U50U49U49U49U67U51%77U50U50U49U50U50U49U67U51%77U50U49U50U50U50U49U67U51%77U50U49U49U50U50U49U67U51%77U50U49U50U50U50U50U67U51%77U50U50U49U50U49U50U67U51%64B53B53B53B53B53B53B53B53U85U76U58@%65B54@%21%5U98B97%77U50U49U49U50U50U50U67U51%77U50U50U49U50U50U49U67U51%77U50U49U50U50U50U50U67U51%77U50U49U49U50U49U49U67U51%77U50U50U49U50U49U50U67U51%77U50U49U50U49U50U49U67U51%77U50U50U49U49U49U49U67U51%77U50U49U50U50U50U50U67U51%64B53B53B53B53B53B53B53B53U85U76U58@%77U50U49U49U49U50U49U67U51%77U50U50U49U49U50U50U67U51%77U50U49U50U49U49U49U67U51%77U50U50U49U50U50U49U67U51%77U50U49U50U50U50U49U67U51%77U50U49U49U50U50U49U67U51%77U50U49U50U50U50U50U67U51%77U50U50U49U50U49U50U67U51%64B53B53B53B53B53B53B53B53U85U76U58@B43U99B47"))
   (83 (((61 8))) (1 0 1 88 92 93 94 95 96 97)
    ("%5$0U98%77U50U49U49U50U50U50U67U51%77U50U50U49U50U50U49U67U51%77U50U49U50U50U50U50U67U51%77U50U49U49U50U49U49U67U51%77U50U50U49U50U49U50U67U51%77U50U49U50U49U50U49U67U51%77U50U50U49U49U49U49U67U51%77U50U49U50U50U50U50U67U51%64B53B53B53B53B53B53B53B53U85$0%77U50U50U50U49U49U50U67U51%64B53U85B56%77U50U50U50U49U49U50U67U51%64B53U85U76U58@B88%77U50U49U49U49U50U49U67U51%77U50U50U49U49U50U50U67U51%77U50U49U50U49U49U49U67U51%77U50U50U49U50U50U49U67U51%77U50U49U50U50U50U49U67U51%77U50U49U49U50U50U49U67U51%77U50U49U50U50U50U50U67U51%77U50U50U49U50U49U50U67U51%64B53B53B53B53B53B53B53B53U85%77U49U49U49U67U86U59U63B88$0U93@2U60$0B94B45|U30"))
   (84 (((61 0))) (1 0 1 9 92 93 94 95 96 97)
    ("%21%7%9%0$3$2B97$1@$0@$3$3$2B82$1%65B54@B84%17%26$0%13$2$2$5B82$3%65B54@B84%18%25$0%2$3U57$0U57%66B55B55U81$2%73U69U71B34B90%24$0%4%3$5U95%36B41$5%72U69U71B34B52$5U80$1B82$0%65B54@2||B91|@|B96%8$2$0U71B34|@||B92|B96%8$2$0U71B34|@||B92B43|U28|U28|U30|U31"))
   (85
    (((61 6) (61 1) (0 314) (15 25 50 52 56 58 105 125) (44 13 24) (63 17)
      (3 23 222) (12 4 65) (4 17 25 54 55 202 662)) "DISK_THM")
    (2 0 1 64 92 93 94 95 96 97)
    ("%21%7B82%9%65B54@%17%8U71B34B43%21%7B82%12%1B87%9@%0@%65B54@%17%8U71B34B43B47"))
   (86 (((61 1))) (1 0 1 24 92 93 94 95 96 97)
    ("%12%1%9%0$3$2B87$1@$0@$3U74$1B61$2U74$0B61%68$3U76U58$2U76U58%65B54B54B48@2B39|U28|U28|U29|U29"))
   (87
    (((61 5) (61 0 1 2) (0 314) (15 25 26 27 54 56) (44 13 24) (63 14 17)
      (3 18 23 222) (8 62 86) (91 39) (26 7) (12 65) (4 17 25 54 55 202))
     "DISK_THM") (2 0 1 53 92 93 94 95 96 97)
    ("%12%1B40U99%21%7B78%12@%0@B35%21%7B82%12%1B87%9@%0@%65B54@%21%7B97%9@%0@B43B47"))
   (88
    (((61 3) (61 2) (15 25 35 50 56 63) (63 17) (3 706) (12 4) (4 638 662))
     "DISK_THM") (2 0 1 41 92 93 94 95 96 97) ("%21%7B78%23@%14U62@"))
   (89 (((61 2))) (1 0 1 34 92 93 94 95 96 97)
    ("%22%7%23%6$3$2B79$1@$0@%16%27$1$3$0B88$4U93@U60$4B94B83$2%65B54@$1$4B83$2%65B54@B44|U33|U32B38|U28|U29|U30|U32"))
   (90
    (((61 7) (61 1) (0 314) (15 25 26 27 50 54 56) (44 13 24) (63 17)
      (3 18 23 222) (26 7) (12 4 65) (4 17 25 54 55 202 654 662))
     "DISK_THM") (2 0 1 72 92 93 94 95 96 97)
    ("%7U93%10B89%11U75B42%7U93%19B89%20U75B42%11%20B46U99B35B35%21%7B82%12%1B87%10U58U70@%19U58U70@%65B54@%21%7B82%68%10U58U70%19U58U70%65B54B54B48%65B54@B43U99B47"))))
 (incorporate (incorporate-types) incorporate-consts
  ("temporary_capture_env" . 119) ("sml_left_application_reference" . 129)
  ("lower_sml_left_application" . 103) ("argument_binding_stable" . 89))
 (loadable-thydata
  ("userdef.deltas" (tag-knm 61 . 84) (tag-knm 61 . 84) (tag-knm 61 . 86)
   (tag-knm 61 . 86) (tag-knm 61 . 89) (tag-knm 61 . 89) (tag-knm 61 . 83)
   (tag-knm 61 . 83))
  ("grammardelta" (OO "sml_left_application_reference" (tag-tm . "%97"))
   (OO "lower_sml_left_application" (tag-tm . "%87"))
   (OO "argument_binding_stable" (tag-tm . "%79"))
   (OO "temporary_capture_env" (tag-tm . "%98")))
  ("grammar" "hol" "Hol4SmlMacro" "evaluate" "semanticPrimitives" "ast"
   "namespace" "namespaceProps")
  ("compute" (tag-knm 61 . 84) (tag-knm 61 . 86) (tag-knm 61 . 89)
   (tag-knm 61 . 83))))
