(theory
 ("Hol4SmlMacroQualification"
  ("Hol4SmlOrder" . "1ced6269d4b92e79ba84eb3eea63de7c1419f629")
  ("HolSmt" . "0e3c22dec113e51233e0108aa9a6baafda9c6fc3"))
 (core-data
  (tables
   (string-table "ast" "exp" "mlstring" "list" "pair" "prod" "pat" "num"
    "option" "namespace" "id" "semanticPrimitives" "sem_env" "v" "state"
    "bool" "!" "min" "fun" "arithmetic" "+" "," "result" "-" "/\\" "0"
    "prim_rec" "<" "=" "==>" "ALL_DISTINCT" "APPEND" "App" "op" "BIT1"
    "BIT2" "string" "CHR" "char" "COND" "CONS" "Closure" "Con" "Fun"
    "Ident" "IntLit" "lit" "integer" "int" "combin" "K" "LENGTH" "Let"
    "Lit" "Mat" "NIL" "NONE" "NUMERAL" "Opapp" "Pany" "Pcon" "Plit" "Pvar"
    "Rabort" "error_result" "abort" "Raise" "Rerr" "Rtimeout_error" "Rval"
    "SOME" "Short" "ZERO" "Hol4SmlApplication" "argument_binding_stable"
    "evaluate" "dec_clock" "do_con_check" "stamp" "implode" "int_of_num"
    "Hol4SmlOrder" "lower_sml_application_ltr" "lower_sml_con_ltr"
    "lower_sml_left_application" "Hol4SmlMacro" "lower_sml_match"
    "lower_sml_multifn" "lower_sml_multifn_application"
    "lower_sml_sequence_list" "nsBind" "nsLookup"
    "recordtype.sem_env.seldef.c" "recordtype.sem_env.seldef.v"
    "recordtype.sem_env.seldef.v_fupd" "recordtype.state.seldef.clock"
    "sml_application_ltr_reference" "sml_con_ltr_reference"
    "sml_left_application_reference" "sml_match_reference"
    "sml_sequence_list_reference" "sml_sequence_reference" "~"
    "z3_clock_step" "tactictoe_clause_count"
    "generated_variable_application_semantics"
    "generated_variable_application_expansion"
    "generated_sequence_semantics" "generated_sequence_list_semantics"
    "generated_sequence_list_expansion" "generated_sequence_expansion"
    "generated_match_semantics" "generated_match_expansion"
    "generated_left_application_semantics"
    "generated_left_application_expansion" "generated_fn_expansion"
    "generated_fn_closure" "generated_fn_application_semantics"
    "generated_fn_application_expansion"
    "generated_constructor_ltr_semantics"
    "generated_constructor_ltr_expansion"
    "generated_application_ltr_semantics"
    "generated_application_ltr_expansion" "egglog_sequence_replay"
    "egglog_constructor_ltr_replay" "egglog_application_replay"
    "egglog_application_ltr_replay" "Hol4SmlMacroQualification" "HolSmt"
    "Omega" "cooper" "cv" "int_arith" "numeral" "reduce" "sat")
   (id-table (0 . 1) (2 . 2) (3 . 3) (4 . 5) (0 . 6) (7 . 7) (8 . 8)
    (9 . 10) (11 . 12) (11 . 13) (11 . 14) (15 . 16) (17 . 18) (17 . 15)
    (19 . 20) (4 . 21) (11 . 22) (19 . 23) (15 . 24) (7 . 25) (26 . 27)
    (17 . 28) (17 . 29) (3 . 30) (3 . 31) (0 . 32) (0 . 33) (19 . 34)
    (19 . 35) (36 . 37) (36 . 38) (15 . 39) (3 . 40) (11 . 41) (0 . 42)
    (0 . 43) (0 . 44) (0 . 45) (0 . 46) (47 . 48) (49 . 50) (9 . 9)
    (3 . 51) (0 . 52) (0 . 53) (0 . 54) (3 . 55) (8 . 56) (19 . 57)
    (0 . 58) (0 . 59) (0 . 60) (0 . 61) (0 . 62) (11 . 63) (11 . 64)
    (11 . 65) (0 . 66) (11 . 67) (11 . 68) (11 . 69) (8 . 70) (9 . 71)
    (19 . 72) (73 . 74) (75 . 76) (11 . 77) (11 . 78) (75 . 75) (2 . 79)
    (47 . 80) (81 . 82) (81 . 83) (73 . 84) (85 . 86) (85 . 87) (85 . 88)
    (81 . 89) (9 . 90) (9 . 91) (11 . 92) (11 . 93) (11 . 94) (11 . 95)
    (81 . 96) (81 . 97) (73 . 98) (85 . 99) (81 . 100) (85 . 101)
    (15 . 102))
   (type-table (0) (1) (4) (3 2 0) (2 3) (5) (7 1 1) (6 6) (9) (8 8) (2 0)
    (2 1) "'a" (10 12) (13) (12 4 14) (12 15 14) (12 5 14) (12 17 14)
    (12 5 5) (12 5 19) (12 0 3) (12 2 21) (2 8) (16 23 8) (3 13 24)
    (12 24 25) (12 13 26) (12 14 14) (12 14 28) (12 5 17) (12 0 14)
    (12 0 31) (12 1 14) (12 1 33) (6 8) (12 35 14) (12 35 36) (12 25 14)
    (12 25 38) (12 11 14) (12 4 4) (12 4 41) (12 10 0) (26) (12 44 43) (30)
    (12 5 46) (12 25 25) (12 25 48) (12 14 49) (2 46) (12 51 51) (12 46 52)
    (12 10 10) (12 0 54) (12 11 11) (12 1 56) (2 2) (12 58 58) (12 2 59)
    (12 3 41) (12 23 23) (12 8 62) (12 0 8) (12 1 64) (12 9 65) (12 7 43)
    (12 0 0) (12 1 68) (12 6 0) (38) (39) (12 72 71) (41 1 1 8) (12 74 74)
    (12 74 75) (12 10 5) (12 11 5) (12 4 5) (12 0 68) (6 1) (12 81 80)
    (12 71 0) (12 4 0) (12 0 84) (12 58 2) (12 7 86) (12 71 2) (12 1 2)
    (55 8) (56) (12 91 90) (12 90 24) (12 23 24) (12 1 81) (12 8 35)
    (12 1 6) (12 1 31) (12 9 98) (12 13 99) (12 13 13) (12 7 17) (67)
    (3 5 103) (41 1 1 104) (12 105 102) (12 10 25) (12 9 107) (12 13 108)
    (12 51 1) (12 5 72) (12 11 0) (12 10 112) (12 7 113) (12 1 80)
    (12 1 115) (12 4 70) (12 0 117) (12 1 117) (12 6 70) (12 4 120)
    (12 1 121) (12 10 68) (12 8 75) (12 1 124) (12 6 35) (12 74 126)
    (12 9 105) (12 9 74) (12 9 9) (12 75 130) (12 13 5) (12 7 107)
    (12 9 133) (12 13 134) (12 0 25) (12 0 136) (12 9 137) (12 13 138)
    (12 8 25) (12 4 140) (12 0 141) (12 9 142) (12 13 143) (12 10 136)
    (12 9 145) (12 13 146))
   (term-table ("aexp" 0) ("aname" 1) ("clauses" 4) ("clock" 5) ("cn" 7)
    ("e1" 0) ("e2" 0) ("env" 9) ("es" 10) ("fexp" 0) ("first" 0)
    ("fname" 1) ("match_value" 8) ("n" 1) ("names" 11) ("rest" 0) ("st" 13)
    ("value" 8) (11 16) (11 18) (14 20) (15 22) (15 27) (17 20) (18 29)
    (19 5) (20 30) (21 32) (21 34) (21 30) (21 37) (21 39) (22 29) (23 40)
    (24 42) (25 45) (27 19) (28 19) (29 47) (31 50) (32 53) (32 55) (32 57)
    (32 60) (32 61) (32 63) (33 66) (34 67) (35 69) (36 70) (37 73) (40 76)
    (42 77) (42 78) (42 79) (43 82) (44 83) (45 85) (46 51) (46 10) (46 11)
    (46 58) (46 4) (46 23) (47 7) (47 81) (48 19) (49 44) (50 2) (51 87)
    (52 88) (53 89) (54 92) (57 68) (58 93) (59 91) (60 94) (61 95) (61 96)
    (62 97) (63 5) (64 100) (65 101) (66 106) (68 109) (69 110) (70 111)
    (71 113) (72 114) (73 116) (74 118) (75 119) (76 122) (77 123) (78 125)
    (79 127) (80 128) (81 129) (82 131) (83 132) (84 109) (85 135) (86 139)
    (87 144) (88 147) (89 139) (90 28))) exports (nil) (nil)
  ((103
    (((127 22) (128 13 14 29 33 38 58 66 95 134 148 157 330 331)
      (129 85 86 87 88 90 94 95 96 98 99 100 109)
      (19 1 2 3 4 5 7 8 28 29 49 54 68 93 115 214 217 221 327)
      (15 8 13 14 25 26 27 29 31 35 36 41 42 50 51 52 54 56 58 63 64 93 96
       101 104 105 107 108 109) (130 2 3 4 5 8 10 17 24)
      (131 31 32 35 36 37 42 53 55 57 59 61 63 65 66 67 68 69 76)
      (132 9 10 34 37 54 61 62 63 64 65 66)
      (47 59 62 63 64 71 79 80 82 83 84 92 93 95 97 99 149 164 168 169 170
       173 217 218 219 231 233 273 285 351 355 357 366 368 372 374)
      (133 3 5 6 7 8 16 17 21 34 35 40 41) (134 1 2)
      (135 1 3 5 6 7 11 12 13 15)) "DISK_THM") (2 0)
    ("%3%25$0B26$0%80U36U66B23$0B26B32|U19"))
   (104 (((127 23) (19 113) (15 25 56) (3 25 73) (133 3)) "DISK_THM") (2 0)
    ("%2$0%68%80U37U37U36U37U36U36U66U38%80U37U36U37U37U37U36U66U38%80U37U36U37U37U36U37U66U38%80U37U36U36U36U36U36U66U38%80U37U36U37U37U37U36U66U38%80U37U36U36U36U37U36U66U38%80U37U37U36U37U36U37U66U38%80U37U36U36U37U36U36U66U38%80U37U36U37U36U36U37U66U38%80U37U36U36U36U36U36U66U38%80U37U36U36U37U37U36U66U38%80U37U37U37U36U36U37U66U38%80U37U36U36U37U36U36U66U38%80U37U36U36U37U37U36U66U38%80U37U37U36U36U36U37U66U38%80U37U37U36U37U36U37U66U38%80U37U36U37U36U37U36U66U38%80U37U37U36U36U36U36U66U38%80U37U36U37U37U37U37U66U38%58B40B40B40B40B40B40B40B40B40B40B40B40B40B40B40B40B40B40B40U85U79U49U73B21%62B44B34U54$0U54%80U36U66B20B29|U18"))
   (105
    (((127 9) (73 1 4 5) (15 25 26 27 50 52 54 56 58 63 105 125)
      (3 705 706) (2 230) (133 3 6 7) (36 3)) "DISK_THM") (2 0)
    ("%16%7B84%80U37U36U36U36U37U36U66U38%80U37U37U36U36U36U37U66U38%80U37U37U36U36U36U37U66U38%80U37U36U37U37U36U37U66U38%80U37U36U37U36U37U36U66U38%80U37U36U36U37U36U36U66U38%80U37U36U36U36U37U36U66U38%80U37U37U36U37U36U37U66U38%80U37U36U37U36U37U36U66U38%80U37U37U36U36U36U36U66U38%80U37U36U37U37U37U37U66U38%80U37U36U36U36U36U36U66U38%80U37U36U36U37U37U37U66U38%80U37U37U36U37U37U36U66U38%80U37U36U37U37U37U37U66U38%80U37U36U36U37U36U36U66U38%80U37U37U36U37U36U37U66U38%80U37U36U37U36U37U36U66U38%80U37U37U36U36U36U36U66U38%80U37U36U37U37U37U37U66U38%58B40B40B40B40B40B40B40B40B40B40B40B40B40B40B40B40B40B40B40B40U85U77%80U37U36U36U37U37U37U66U38%80U37U37U36U37U37U36U66U38%80U37U36U37U37U37U37U66U38%80U37U36U36U37U36U36U66U38%80U37U37U36U37U36U37U66U38%80U37U36U37U36U37U36U66U38%80U37U37U36U36U36U36U66U38%80U37U36U37U37U37U37U66U38%58B40B40B40B40B40B40B40B40U85U79U49B55%80U37U36U36U36U37U36U66U38%80U37U37U36U36U36U37U66U38%80U37U37U36U36U36U37U66U38%80U37U36U37U37U36U37U66U38%80U37U36U37U36U37U36U66U38%80U37U36U36U37U36U36U66U38%80U37U36U36U36U37U36U66U38%80U37U37U36U37U36U37U66U38%80U37U36U37U36U37U36U66U38%80U37U37U36U36U36U36U66U38%80U37U36U37U37U37U37U66U38%80U37U36U36U36U36U36U66U38%80U37U36U36U36U37U36U66U38%80U37U37U36U36U37U37U66U38%80U37U36U37U36U36U36U66U38%80U37U37U36U37U37U36U66U38%80U37U36U37U37U37U36U66U38%80U37U36U36U37U37U36U66U38%80U37U36U37U37U37U37U66U38%80U37U37U36U37U36U37U66U38%58B40B40B40B40B40B40B40B40B40B40B40B40B40B40B40B40B40B40B40B40U85U77%80U37U36U36U36U37U36U66U38%80U37U37U36U36U37U37U66U38%80U37U36U37U36U36U36U66U38%80U37U37U36U37U37U36U66U38%80U37U36U37U37U37U36U66U38%80U37U36U36U37U37U36U66U38%80U37U36U37U37U37U37U66U38%80U37U37U36U37U36U37U66U38%58B40B40B40B40B40B40B40B40U85U79U49B55%67%80U37U36U36U36U37U36U66U38%80U37U37U36U36U36U37U66U38%80U37U37U36U36U36U37U66U38%80U37U36U37U37U36U37U66U38%80U37U36U37U36U37U36U66U38%80U37U36U36U37U36U36U66U38%80U37U36U36U36U37U36U66U38%80U37U37U36U37U36U37U66U38%80U37U36U37U36U37U36U66U38%80U37U37U36U36U36U36U66U38%80U37U36U37U37U37U37U66U38%80U37U36U36U36U36U36U66U38%80U37U36U36U37U37U37U66U38%80U37U37U36U37U37U36U66U38%80U37U36U37U37U37U37U66U38%80U37U36U36U37U36U36U66U38%80U37U37U36U37U36U37U66U38%80U37U36U37U36U37U36U66U38%80U37U37U36U36U36U36U66U38%80U37U36U37U37U37U37U66U38%58B40B40B40B40B40B40B40B40B40B40B40B40B40B40B40B40B40B40B40B40U85U79U49%80U37U36U36U36U37U36U66U38%80U37U37U36U36U36U37U66U38%80U37U37U36U36U36U37U66U38%80U37U36U37U37U36U37U66U38%80U37U36U37U36U37U36U66U38%80U37U36U36U37U36U36U66U38%80U37U36U36U36U37U36U66U38%80U37U37U36U37U36U37U66U38%80U37U36U37U36U37U36U66U38%80U37U37U36U36U36U36U66U38%80U37U36U37U37U37U37U66U38%80U37U36U36U36U36U36U66U38%80U37U36U36U36U37U36U66U38%80U37U37U36U36U37U37U66U38%80U37U36U37U36U36U36U66U38%80U37U37U36U37U37U36U66U38%80U37U36U37U37U37U36U66U38%80U37U36U36U37U37U36U66U38%80U37U36U37U37U37U37U66U38%80U37U37U36U37U36U37U66U38%58B40B40B40B40B40B40B40B40B40B40B40B40B40B40B40B40B40B40B40B40U85U79U49%59B41B41B35@2%59B41@%16%7B102%80U37U36U36U37U37U37U66U38%80U37U37U36U37U37U36U66U38%80U37U36U37U37U37U37U66U38%80U37U36U36U37U36U36U66U38%80U37U37U36U37U36U37U66U38%80U37U36U37U36U37U36U66U38%80U37U37U36U36U36U36U66U38%80U37U36U37U37U37U37U66U38%58B40B40B40B40B40B40B40B40U85U79U49@%80U37U36U36U36U37U36U66U38%80U37U37U36U36U37U37U66U38%80U37U36U37U36U36U36U66U38%80U37U37U36U37U37U36U66U38%80U37U36U37U37U37U36U66U38%80U37U36U36U37U37U36U66U38%80U37U36U37U37U37U37U66U38%80U37U37U36U37U36U37U66U38%58B40B40B40B40B40B40B40B40U85U79U49@B31"))
   (106 (((127 8) (73 1)) "DISK_THM") (2 0)
    ("%80U37U36U36U36U37U36U66U38%80U37U37U36U36U36U37U66U38%80U37U37U36U36U36U37U66U38%80U37U36U37U37U36U37U66U38%80U37U36U37U36U37U36U66U38%80U37U36U36U37U36U36U66U38%80U37U36U36U36U37U36U66U38%80U37U37U36U37U36U37U66U38%80U37U36U37U36U37U36U66U38%80U37U37U36U36U36U36U66U38%80U37U36U37U37U37U37U66U38%80U37U36U36U36U36U36U66U38%80U37U36U36U37U37U37U66U38%80U37U37U36U37U37U36U66U38%80U37U36U37U37U37U37U66U38%80U37U36U36U37U36U36U66U38%80U37U37U36U37U36U37U66U38%80U37U36U37U36U37U36U66U38%80U37U37U36U36U36U36U66U38%80U37U36U37U37U37U37U66U38%58B40B40B40B40B40B40B40B40B40B40B40B40B40B40B40B40B40B40B40B40U85%80U37U36U36U36U37U36U66U38%80U37U37U36U36U36U37U66U38%80U37U37U36U36U36U37U66U38%80U37U36U37U37U36U37U66U38%80U37U36U37U36U37U36U66U38%80U37U36U36U37U36U36U66U38%80U37U36U36U36U37U36U66U38%80U37U37U36U37U36U37U66U38%80U37U36U37U36U37U36U66U38%80U37U37U36U36U36U36U66U38%80U37U36U37U37U37U37U66U38%80U37U36U36U36U36U36U66U38%80U37U36U36U36U37U36U66U38%80U37U37U36U36U37U37U66U38%80U37U36U37U36U36U36U66U38%80U37U37U36U37U37U36U66U38%80U37U36U37U37U37U36U66U38%80U37U36U36U37U37U36U66U38%80U37U36U37U37U37U37U66U38%80U37U37U36U37U36U37U66U38%58B40B40B40B40B40B40B40B40B40B40B40B40B40B40B40B40B40B40B40B40U85B89%80U37U36U36U37U37U37U66U38%80U37U37U36U37U37U36U66U38%80U37U36U37U37U37U37U66U38%80U37U36U36U37U36U36U66U38%80U37U37U36U37U36U37U66U38%80U37U36U37U36U37U36U66U38%80U37U37U36U36U36U36U66U38%80U37U36U37U37U37U37U66U38%58B40B40B40B40B40B40B40B40U85U79U49@%80U37U36U36U36U37U36U66U38%80U37U37U36U36U37U37U66U38%80U37U36U37U36U36U36U66U38%80U37U37U36U37U37U36U66U38%80U37U36U37U37U37U36U66U38%80U37U36U36U37U37U36U66U38%80U37U36U37U37U37U37U66U38%80U37U37U36U37U36U37U66U38%58B40B40B40B40B40B40B40B40U85U79U49@%80U37U36U36U36U37U36U66U38%80U37U37U36U36U36U37U66U38%80U37U37U36U36U36U37U66U38%80U37U36U37U37U36U37U66U38%80U37U36U37U36U37U36U66U38%80U37U36U36U37U36U36U66U38%80U37U36U36U36U37U36U66U38%80U37U37U36U37U36U37U66U38%80U37U36U37U36U37U36U66U38%80U37U37U36U36U36U36U66U38%80U37U36U37U37U37U37U66U38%80U37U36U36U36U36U36U66U38%80U37U36U36U37U37U37U66U38%80U37U37U36U37U37U36U66U38%80U37U36U37U37U37U37U66U38%80U37U36U36U37U36U36U66U38%80U37U37U36U37U36U37U66U38%80U37U36U37U36U37U36U66U38%80U37U37U36U36U36U36U66U38%80U37U36U37U37U37U37U66U38%58B40B40B40B40B40B40B40B40B40B40B40B40B40B40B40B40B40B40B40B40U85U77%80U37U36U36U37U37U37U66U38%80U37U37U36U37U37U36U66U38%80U37U36U37U37U37U37U66U38%80U37U36U36U37U36U36U66U38%80U37U37U36U37U36U37U66U38%80U37U36U37U36U37U36U66U38%80U37U37U36U36U36U36U66U38%80U37U36U37U37U37U37U66U38%58B40B40B40B40B40B40B40B40U85U79U49B55%80U37U36U36U36U37U36U66U38%80U37U37U36U36U36U37U66U38%80U37U37U36U36U36U37U66U38%80U37U36U37U37U36U37U66U38%80U37U36U37U36U37U36U66U38%80U37U36U36U37U36U36U66U38%80U37U36U36U36U37U36U66U38%80U37U37U36U37U36U37U66U38%80U37U36U37U36U37U36U66U38%80U37U37U36U36U36U36U66U38%80U37U36U37U37U37U37U66U38%80U37U36U36U36U36U36U66U38%80U37U36U36U36U37U36U66U38%80U37U37U36U36U37U37U66U38%80U37U36U37U36U36U36U66U38%80U37U37U36U37U37U36U66U38%80U37U36U37U37U37U36U66U38%80U37U36U36U37U37U36U66U38%80U37U36U37U37U37U37U66U38%80U37U37U36U37U36U37U66U38%58B40B40B40B40B40B40B40B40B40B40B40B40B40B40B40B40B40B40B40B40U85U77%80U37U36U36U36U37U36U66U38%80U37U37U36U36U37U37U66U38%80U37U36U37U36U36U36U66U38%80U37U37U36U37U37U36U66U38%80U37U36U37U37U37U36U66U38%80U37U36U36U37U37U36U66U38%80U37U36U37U37U37U37U66U38%80U37U37U36U37U36U37U66U38%58B40B40B40B40B40B40B40B40U85U79U49B55%67%80U37U36U36U36U37U36U66U38%80U37U37U36U36U36U37U66U38%80U37U37U36U36U36U37U66U38%80U37U36U37U37U36U37U66U38%80U37U36U37U36U37U36U66U38%80U37U36U36U37U36U36U66U38%80U37U36U36U36U37U36U66U38%80U37U37U36U37U36U37U66U38%80U37U36U37U36U37U36U66U38%80U37U37U36U36U36U36U66U38%80U37U36U37U37U37U37U66U38%80U37U36U36U36U36U36U66U38%80U37U36U36U37U37U37U66U38%80U37U37U36U37U37U36U66U38%80U37U36U37U37U37U37U66U38%80U37U36U36U37U36U36U66U38%80U37U37U36U37U36U37U66U38%80U37U36U37U36U37U36U66U38%80U37U37U36U36U36U36U66U38%80U37U36U37U37U37U37U66U38%58B40B40B40B40B40B40B40B40B40B40B40B40B40B40B40B40B40B40B40B40U85U79U49%80U37U36U36U36U37U36U66U38%80U37U37U36U36U36U37U66U38%80U37U37U36U36U36U37U66U38%80U37U36U37U37U36U37U66U38%80U37U36U37U36U37U36U66U38%80U37U36U36U37U36U36U66U38%80U37U36U36U36U37U36U66U38%80U37U37U36U37U36U37U66U38%80U37U36U37U36U37U36U66U38%80U37U37U36U36U36U36U66U38%80U37U36U37U37U37U37U66U38%80U37U36U36U36U36U36U66U38%80U37U36U36U36U37U36U66U38%80U37U37U36U36U37U37U66U38%80U37U36U37U36U36U36U66U38%80U37U37U36U37U37U36U66U38%80U37U36U37U37U37U36U66U38%80U37U36U36U37U37U36U66U38%80U37U36U37U37U37U37U66U38%80U37U37U36U37U36U37U66U38%58B40B40B40B40B40B40B40B40B40B40B40B40B40B40B40B40B40B40B40B40U85U79U49%59B41B41B35@2B27"))
   (107 (((127 11) (85 10)) "DISK_THM") (2 0)
    ("%16%7B84%65%80U36U66U86U50U56B55%80U37U66U86U50U56@%59B41@%16%7B105%80U36U66U86U50U56@%80U37U66U86U50U56@B31"))
   (108 (((127 13) (81 0 3) (3 30)) "DISK_THM") (2 0)
    ("%16%7B84%10%15%65$1B55$0@||%80U36U66U86U50U56@%10%15%65$1B55$0@||%80U37U66U86U50U56@%80U36U36U66U86U50U56@2%59B41@%16%7B104%80U36U66U86U50U56%80U37U66U86U50U56%59B41B41@%80U36U36U66U86U50U56@B31"))
   (109 (((127 12) (81 0) (3 30)) "DISK_THM") (2 0)
    ("%80U36U66U86U50U56%80U37U66U86U50U56%59B41B41%80U36U36U66U86U50U56B93%10%15%65$1B55$0@||%80U36U66U86U50U56@%10%15%65$1B55$0@||%80U37U66U86U50U56@%80U36U36U66U86U50U56@2B27"))
   (110 (((127 10))) (2 0)
    ("%65%80U36U66U86U50U56B55%80U37U66U86U50U56@%65%80U36U66U86U50U56B55%80U37U66U86U50U56@B27"))
   (111 (((127 1) (85 1 6)) "DISK_THM") (2 0)
    ("%7U97%80U37U37U36U37U36U36U66U38%80U37U36U37U37U37U36U66U38%80U37U36U37U37U36U37U66U38%80U37U36U36U36U36U36U66U38%80U37U36U37U37U37U36U66U38%80U37U36U36U36U37U36U66U38%80U37U37U36U37U36U37U66U38%80U37U36U36U37U36U36U66U38%80U37U36U37U36U36U37U66U38%80U37U36U36U36U36U36U66U38%80U37U36U36U37U37U36U66U38%80U37U37U37U36U36U37U66U38%80U37U36U36U37U36U36U66U38%80U37U36U36U37U37U36U66U38%80U37U37U36U36U36U37U66U38%80U37U37U36U37U36U37U66U38%80U37U36U37U36U37U36U66U38%80U37U37U36U36U36U36U66U38%80U37U36U37U37U37U37U66U38%58B40B40B40B40B40B40B40B40B40B40B40B40B40B40B40B40B40B40B40U85U79B95%12U78B30%16%7B84%80U37U37U36U37U36U36U66U38%80U37U37U36U37U37U36U66U38%80U37U36U36U36U37U37U66U38%80U37U36U37U36U37U37U66U38%80U37U36U36U37U37U36U66U38%80U37U36U36U37U36U36U66U38%80U37U37U36U37U36U37U66U38%58B40B40B40B40B40B40B40U85U79U49%25U86U50U70%80U36U37U37U66U86U50U56B21%80U36U66U86U50U70%80U36U37U36U37U66U86U50U56B21%62B44B44%68%80U37U37U36U37U36U36U66U38%80U37U36U37U37U37U36U66U38%80U37U36U37U37U36U37U66U38%80U37U36U36U36U36U36U66U38%80U37U36U37U37U37U36U66U38%80U37U36U36U36U37U36U66U38%80U37U37U36U37U36U37U66U38%80U37U36U36U37U36U36U66U38%80U37U36U37U36U36U37U66U38%80U37U36U36U36U36U36U66U38%80U37U36U36U37U37U36U66U38%80U37U37U37U36U36U37U66U38%80U37U36U36U37U36U36U66U38%80U37U36U36U37U37U36U66U38%80U37U37U36U36U36U37U66U38%80U37U37U36U37U36U37U66U38%80U37U36U37U36U37U36U66U38%80U37U37U36U36U36U36U66U38%80U37U36U37U37U37U37U66U38%58B40B40B40B40B40B40B40B40B40B40B40B40B40B40B40B40B40B40B40U85U79U49U73B21%62B44B34B57%59B41@%16%7B103%80U37U37U36U37U36U36U66U38%80U37U37U36U37U37U36U66U38%80U37U36U36U36U37U37U66U38%80U37U36U37U36U37U37U66U38%80U37U36U36U37U37U36U66U38%80U37U36U36U37U36U36U66U38%80U37U37U36U37U36U37U66U38%58B40B40B40B40B40B40B40U85U79U49@%25U86U50U70%80U36U37U37U66U86U50U56B21%80U36U66U86U50U70%80U36U37U36U37U66U86U50U56B21%62B44B44@%12@B31B32"))
   (112 (((127 0) (85 1)) "DISK_THM") (2 0)
    ("%80U37U37U36U37U36U36U66U38%80U37U37U36U37U37U36U66U38%80U37U36U36U36U37U37U66U38%80U37U36U37U36U37U37U66U38%80U37U36U36U37U37U36U66U38%80U37U36U36U37U36U36U66U38%80U37U37U36U37U36U37U66U38%58B40B40B40B40B40B40B40U85U79U49%25U86U50U70%80U36U37U37U66U86U50U56B21%80U36U66U86U50U70%80U36U37U36U37U66U86U50U56B21%62B44B44B90%80U37U37U36U37U36U36U66U38%80U37U36U37U37U37U36U66U38%80U37U36U37U37U36U37U66U38%80U37U36U36U36U36U36U66U38%80U37U36U37U37U37U36U66U38%80U37U36U36U36U37U36U66U38%80U37U37U36U37U36U37U66U38%80U37U36U36U37U36U36U66U38%80U37U36U37U36U36U37U66U38%80U37U36U36U36U36U36U66U38%80U37U36U36U37U37U36U66U38%80U37U37U37U36U36U37U66U38%80U37U36U36U37U36U36U66U38%80U37U36U36U37U37U36U66U38%80U37U37U36U36U36U37U66U38%80U37U37U36U37U36U37U66U38%80U37U36U37U36U37U36U66U38%80U37U37U36U36U36U36U66U38%80U37U36U37U37U37U37U66U38%58B40B40B40B40B40B40B40B40B40B40B40B40B40B40B40B40B40B40B40U85U79@%80U37U37U36U37U36U36U66U38%80U37U37U36U37U37U36U66U38%80U37U36U36U36U37U37U66U38%80U37U36U37U36U37U37U66U38%80U37U36U36U37U37U36U66U38%80U37U36U36U37U36U36U66U38%80U37U37U36U37U36U37U66U38%58B40B40B40B40B40B40B40U85U79U49%25U86U50U70%80U36U37U37U66U86U50U56B21%80U36U66U86U50U70%80U36U37U36U37U66U86U50U56B21%62B44B44%68%80U37U37U36U37U36U36U66U38%80U37U36U37U37U37U36U66U38%80U37U36U37U37U36U37U66U38%80U37U36U36U36U36U36U66U38%80U37U36U37U37U37U36U66U38%80U37U36U36U36U37U36U66U38%80U37U37U36U37U36U37U66U38%80U37U36U36U37U36U36U66U38%80U37U36U37U36U36U37U66U38%80U37U36U36U36U36U36U66U38%80U37U36U36U37U37U36U66U38%80U37U37U37U36U36U37U66U38%80U37U36U36U37U36U36U66U38%80U37U36U36U37U37U36U66U38%80U37U37U36U36U36U37U66U38%80U37U37U36U37U36U37U66U38%80U37U36U37U36U37U36U66U38%80U37U37U36U36U36U36U66U38%80U37U36U37U37U37U37U66U38%58B40B40B40B40B40B40B40B40B40B40B40B40B40B40B40B40B40B40B40U85U79U49U73B21%62B44B34B57B27"))
   (113
    (((127 7) (73 1 3 5) (15 25 50 52 54 56 58 63 105 125) (3 706) (2 230)
      (133 3 6 7) (36 3)) "DISK_THM") (2 0)
    ("%16%7B84%80U37U36U36U36U37U36U66U38%80U37U37U36U36U36U37U66U38%80U37U37U36U36U36U37U66U38%80U37U36U37U37U36U37U66U38%80U37U36U37U36U37U36U66U38%80U37U36U36U37U36U36U66U38%80U37U36U36U36U37U36U66U38%80U37U37U36U37U36U37U66U38%80U37U36U37U36U37U36U66U38%80U37U37U36U36U36U36U66U38%80U37U36U37U37U37U37U66U38%80U37U36U36U36U36U36U66U38%80U37U36U36U37U37U37U66U38%80U37U37U36U37U37U36U66U38%80U37U36U37U37U37U37U66U38%80U37U36U36U37U36U36U66U38%80U37U37U36U37U36U37U66U38%80U37U36U37U36U37U36U66U38%80U37U37U36U36U36U36U66U38%80U37U36U37U37U37U37U66U38%58B40B40B40B40B40B40B40B40B40B40B40B40B40B40B40B40B40B40B40B40U85U77%80U37U36U36U37U37U37U66U38%80U37U37U36U37U37U36U66U38%80U37U36U37U37U37U37U66U38%80U37U36U36U37U36U36U66U38%80U37U37U36U37U36U37U66U38%80U37U36U37U36U37U36U66U38%80U37U37U36U36U36U36U66U38%80U37U36U37U37U37U37U66U38%58B40B40B40B40B40B40B40B40U85U79U49B55%80U37U36U36U36U37U36U66U38%80U37U37U36U36U36U37U66U38%80U37U37U36U36U36U37U66U38%80U37U36U37U37U36U37U66U38%80U37U36U37U36U37U36U66U38%80U37U36U36U37U36U36U66U38%80U37U36U36U36U37U36U66U38%80U37U37U36U37U36U37U66U38%80U37U36U37U36U37U36U66U38%80U37U37U36U36U36U36U66U38%80U37U36U37U37U37U37U66U38%80U37U36U36U36U36U36U66U38%80U37U36U36U36U37U36U66U38%80U37U37U36U36U37U37U66U38%80U37U36U37U36U36U36U66U38%80U37U37U36U37U37U36U66U38%80U37U36U37U37U37U36U66U38%80U37U36U36U37U37U36U66U38%80U37U36U37U37U37U37U66U38%80U37U37U36U37U36U37U66U38%58B40B40B40B40B40B40B40B40B40B40B40B40B40B40B40B40B40B40B40B40U85U77%80U36U36U36U66U86U50U56B55%67%80U37U36U36U36U37U36U66U38%80U37U37U36U36U36U37U66U38%80U37U37U36U36U36U37U66U38%80U37U36U37U37U36U37U66U38%80U37U36U37U36U37U36U66U38%80U37U36U36U37U36U36U66U38%80U37U36U36U36U37U36U66U38%80U37U37U36U37U36U37U66U38%80U37U36U37U36U37U36U66U38%80U37U37U36U36U36U36U66U38%80U37U36U37U37U37U37U66U38%80U37U36U36U36U36U36U66U38%80U37U36U36U37U37U37U66U38%80U37U37U36U37U37U36U66U38%80U37U36U37U37U37U37U66U38%80U37U36U36U37U36U36U66U38%80U37U37U36U37U36U37U66U38%80U37U36U37U36U37U36U66U38%80U37U37U36U36U36U36U66U38%80U37U36U37U37U37U37U66U38%58B40B40B40B40B40B40B40B40B40B40B40B40B40B40B40B40B40B40B40B40U85U79U49%80U37U36U36U36U37U36U66U38%80U37U37U36U36U36U37U66U38%80U37U37U36U36U36U37U66U38%80U37U36U37U37U36U37U66U38%80U37U36U37U36U37U36U66U38%80U37U36U36U37U36U36U66U38%80U37U36U36U36U37U36U66U38%80U37U37U36U37U36U37U66U38%80U37U36U37U36U37U36U66U38%80U37U37U36U36U36U36U66U38%80U37U36U37U37U37U37U66U38%80U37U36U36U36U36U36U66U38%80U37U36U36U36U37U36U66U38%80U37U37U36U36U37U37U66U38%80U37U36U37U36U36U36U66U38%80U37U37U36U37U37U36U66U38%80U37U36U37U37U37U36U66U38%80U37U36U36U37U37U36U66U38%80U37U36U37U37U37U37U66U38%80U37U37U36U37U36U37U66U38%58B40B40B40B40B40B40B40B40B40B40B40B40B40B40B40B40B40B40B40B40U85U79U49%59B41B41B35@2%59B41@%16%7B102%80U37U36U36U37U37U37U66U38%80U37U37U36U37U37U36U66U38%80U37U36U37U37U37U37U66U38%80U37U36U36U37U36U36U66U38%80U37U37U36U37U36U37U66U38%80U37U36U37U36U37U36U66U38%80U37U37U36U36U36U36U66U38%80U37U36U37U37U37U37U66U38%58B40B40B40B40B40B40B40B40U85U79U49@%80U36U36U36U66U86U50U56@B31"))
   (114 (((127 6) (73 1)) "DISK_THM") (2 0)
    ("%80U37U36U36U36U37U36U66U38%80U37U37U36U36U36U37U66U38%80U37U37U36U36U36U37U66U38%80U37U36U37U37U36U37U66U38%80U37U36U37U36U37U36U66U38%80U37U36U36U37U36U36U66U38%80U37U36U36U36U37U36U66U38%80U37U37U36U37U36U37U66U38%80U37U36U37U36U37U36U66U38%80U37U37U36U36U36U36U66U38%80U37U36U37U37U37U37U66U38%80U37U36U36U36U36U36U66U38%80U37U36U36U37U37U37U66U38%80U37U37U36U37U37U36U66U38%80U37U36U37U37U37U37U66U38%80U37U36U36U37U36U36U66U38%80U37U37U36U37U36U37U66U38%80U37U36U37U36U37U36U66U38%80U37U37U36U36U36U36U66U38%80U37U36U37U37U37U37U66U38%58B40B40B40B40B40B40B40B40B40B40B40B40B40B40B40B40B40B40B40B40U85%80U37U36U36U36U37U36U66U38%80U37U37U36U36U36U37U66U38%80U37U37U36U36U36U37U66U38%80U37U36U37U37U36U37U66U38%80U37U36U37U36U37U36U66U38%80U37U36U36U37U36U36U66U38%80U37U36U36U36U37U36U66U38%80U37U37U36U37U36U37U66U38%80U37U36U37U36U37U36U66U38%80U37U37U36U36U36U36U66U38%80U37U36U37U37U37U37U66U38%80U37U36U36U36U36U36U66U38%80U37U36U36U36U37U36U66U38%80U37U37U36U36U37U37U66U38%80U37U36U37U36U36U36U66U38%80U37U37U36U37U37U36U66U38%80U37U36U37U37U37U36U66U38%80U37U36U36U37U37U36U66U38%80U37U36U37U37U37U37U66U38%80U37U37U36U37U36U37U66U38%58B40B40B40B40B40B40B40B40B40B40B40B40B40B40B40B40B40B40B40B40U85B89%80U37U36U36U37U37U37U66U38%80U37U37U36U37U37U36U66U38%80U37U36U37U37U37U37U66U38%80U37U36U36U37U36U36U66U38%80U37U37U36U37U36U37U66U38%80U37U36U37U36U37U36U66U38%80U37U37U36U36U36U36U66U38%80U37U36U37U37U37U37U66U38%58B40B40B40B40B40B40B40B40U85U79U49@%80U36U36U36U66U86U50U56@%80U37U36U36U36U37U36U66U38%80U37U37U36U36U36U37U66U38%80U37U37U36U36U36U37U66U38%80U37U36U37U37U36U37U66U38%80U37U36U37U36U37U36U66U38%80U37U36U36U37U36U36U66U38%80U37U36U36U36U37U36U66U38%80U37U37U36U37U36U37U66U38%80U37U36U37U36U37U36U66U38%80U37U37U36U36U36U36U66U38%80U37U36U37U37U37U37U66U38%80U37U36U36U36U36U36U66U38%80U37U36U36U37U37U37U66U38%80U37U37U36U37U37U36U66U38%80U37U36U37U37U37U37U66U38%80U37U36U36U37U36U36U66U38%80U37U37U36U37U36U37U66U38%80U37U36U37U36U37U36U66U38%80U37U37U36U36U36U36U66U38%80U37U36U37U37U37U37U66U38%58B40B40B40B40B40B40B40B40B40B40B40B40B40B40B40B40B40B40B40B40U85U77%80U37U36U36U37U37U37U66U38%80U37U37U36U37U37U36U66U38%80U37U36U37U37U37U37U66U38%80U37U36U36U37U36U36U66U38%80U37U37U36U37U36U37U66U38%80U37U36U37U36U37U36U66U38%80U37U37U36U36U36U36U66U38%80U37U36U37U37U37U37U66U38%58B40B40B40B40B40B40B40B40U85U79U49B55%80U37U36U36U36U37U36U66U38%80U37U37U36U36U36U37U66U38%80U37U37U36U36U36U37U66U38%80U37U36U37U37U36U37U66U38%80U37U36U37U36U37U36U66U38%80U37U36U36U37U36U36U66U38%80U37U36U36U36U37U36U66U38%80U37U37U36U37U36U37U66U38%80U37U36U37U36U37U36U66U38%80U37U37U36U36U36U36U66U38%80U37U36U37U37U37U37U66U38%80U37U36U36U36U36U36U66U38%80U37U36U36U36U37U36U66U38%80U37U37U36U36U37U37U66U38%80U37U36U37U36U36U36U66U38%80U37U37U36U37U37U36U66U38%80U37U36U37U37U37U36U66U38%80U37U36U36U37U37U36U66U38%80U37U36U37U37U37U37U66U38%80U37U37U36U37U36U37U66U38%58B40B40B40B40B40B40B40B40B40B40B40B40B40B40B40B40B40B40B40B40U85U77%80U36U36U36U66U86U50U56B55%67%80U37U36U36U36U37U36U66U38%80U37U37U36U36U36U37U66U38%80U37U37U36U36U36U37U66U38%80U37U36U37U37U36U37U66U38%80U37U36U37U36U37U36U66U38%80U37U36U36U37U36U36U66U38%80U37U36U36U36U37U36U66U38%80U37U37U36U37U36U37U66U38%80U37U36U37U36U37U36U66U38%80U37U37U36U36U36U36U66U38%80U37U36U37U37U37U37U66U38%80U37U36U36U36U36U36U66U38%80U37U36U36U37U37U37U66U38%80U37U37U36U37U37U36U66U38%80U37U36U37U37U37U37U66U38%80U37U36U36U37U36U36U66U38%80U37U37U36U37U36U37U66U38%80U37U36U37U36U37U36U66U38%80U37U37U36U36U36U36U66U38%80U37U36U37U37U37U37U66U38%58B40B40B40B40B40B40B40B40B40B40B40B40B40B40B40B40B40B40B40B40U85U79U49%80U37U36U36U36U37U36U66U38%80U37U37U36U36U36U37U66U38%80U37U37U36U36U36U37U66U38%80U37U36U37U37U36U37U66U38%80U37U36U37U36U37U36U66U38%80U37U36U36U37U36U36U66U38%80U37U36U36U36U37U36U66U38%80U37U37U36U37U36U37U66U38%80U37U36U37U36U37U36U66U38%80U37U37U36U36U36U36U66U38%80U37U36U37U37U37U37U66U38%80U37U36U36U36U36U36U66U38%80U37U36U36U36U37U36U66U38%80U37U37U36U36U37U37U66U38%80U37U36U37U36U36U36U66U38%80U37U37U36U37U37U36U66U38%80U37U36U37U37U37U36U66U38%80U37U36U36U37U37U36U66U38%80U37U36U37U37U37U37U66U38%80U37U37U36U37U36U37U66U38%58B40B40B40B40B40B40B40B40B40B40B40B40B40B40B40B40B40B40B40B40U85U79U49%59B41B41B35@2B27"))
   (115 (((127 2) (85 1 2)) "DISK_THM") (2 0)
    ("%80U37U37U36U37U36U36U66U38%80U37U37U36U37U37U36U66U38%80U37U36U36U36U37U37U66U38%80U37U36U37U36U37U37U66U38%80U37U36U36U37U37U36U66U38%80U37U36U36U37U36U36U66U38%80U37U37U36U37U36U37U66U38%58B40B40B40B40B40B40B40U85%25U86U50U70%80U36U37U37U66U86U50U56B21%80U36U66U86U50U70%80U36U37U36U37U66U86U50U56B21%62B44B44B91%80U37U37U36U37U36U36U66U38%80U37U36U37U37U37U36U66U38%80U37U36U37U37U36U37U66U38%80U37U36U36U36U36U36U66U38%80U37U36U37U37U37U36U66U38%80U37U36U36U36U37U36U66U38%80U37U37U36U37U36U37U66U38%80U37U36U36U37U36U36U66U38%80U37U36U37U36U36U37U66U38%80U37U36U36U36U36U36U66U38%80U37U36U36U37U37U36U66U38%80U37U37U37U36U36U37U66U38%80U37U36U36U37U36U36U66U38%80U37U36U36U37U37U36U66U38%80U37U37U36U36U36U37U66U38%80U37U37U36U37U36U37U66U38%80U37U36U37U36U37U36U66U38%80U37U37U36U36U36U36U66U38%80U37U36U37U37U37U37U66U38%58B40B40B40B40B40B40B40B40B40B40B40B40B40B40B40B40B40B40B40U85U79@%80U37U37U36U37U36U36U66U38%80U37U37U36U37U37U36U66U38%80U37U36U36U36U37U37U66U38%80U37U36U37U36U37U37U66U38%80U37U36U36U37U37U36U66U38%80U37U36U36U37U36U36U66U38%80U37U37U36U37U36U37U66U38%58B40B40B40B40B40B40B40U85%80U37U37U36U37U36U36U66U38%80U37U37U36U37U37U36U66U38%80U37U36U36U36U37U37U66U38%80U37U36U37U36U37U37U66U38%80U37U36U36U37U37U36U66U38%80U37U36U36U37U36U36U66U38%80U37U37U36U37U36U37U66U38%58B40B40B40B40B40B40B40U85U79U49%25U86U50U70%80U36U37U37U66U86U50U56B21%80U36U66U86U50U70%80U36U37U36U37U66U86U50U56B21%62B44B44%68%80U37U37U36U37U36U36U66U38%80U37U36U37U37U37U36U66U38%80U37U36U37U37U36U37U66U38%80U37U36U36U36U36U36U66U38%80U37U36U37U37U37U36U66U38%80U37U36U36U36U37U36U66U38%80U37U37U36U37U36U37U66U38%80U37U36U36U37U36U36U66U38%80U37U36U37U36U36U37U66U38%80U37U36U36U36U36U36U66U38%80U37U36U36U37U37U36U66U38%80U37U37U37U36U36U37U66U38%80U37U36U36U37U36U36U66U38%80U37U36U36U37U37U36U66U38%80U37U37U36U36U36U37U66U38%80U37U37U36U37U36U37U66U38%80U37U36U37U36U37U36U66U38%80U37U37U36U36U36U36U66U38%80U37U36U37U37U37U37U66U38%58B40B40B40B40B40B40B40B40B40B40B40B40B40B40B40B40B40B40B40U85U79U49U73B21%62B44B34B57B48B27"))
   (116 (((127 3) (85 1 2 7)) "DISK_THM") (2 0)
    ("%16%7B84%80U37U37U36U37U36U36U66U38%80U37U37U36U37U37U36U66U38%80U37U36U36U36U37U37U66U38%80U37U36U37U36U37U37U66U38%80U37U36U36U37U37U36U66U38%80U37U36U36U37U36U36U66U38%80U37U37U36U37U36U37U66U38%58B40B40B40B40B40B40B40U85%80U37U37U36U37U36U36U66U38%80U37U37U36U37U37U36U66U38%80U37U36U36U36U37U37U66U38%80U37U36U37U36U37U37U66U38%80U37U36U36U37U37U36U66U38%80U37U36U36U37U36U36U66U38%80U37U37U36U37U36U37U66U38%58B40B40B40B40B40B40B40U85U79U49%25U86U50U70%80U36U37U37U66U86U50U56B21%80U36U66U86U50U70%80U36U37U36U37U66U86U50U56B21%62B44B44%68%80U37U37U36U37U36U36U66U38%80U37U36U37U37U37U36U66U38%80U37U36U37U37U36U37U66U38%80U37U36U36U36U36U36U66U38%80U37U36U37U37U37U36U66U38%80U37U36U36U36U37U36U66U38%80U37U37U36U37U36U37U66U38%80U37U36U36U37U36U36U66U38%80U37U36U37U36U36U37U66U38%80U37U36U36U36U36U36U66U38%80U37U36U36U37U37U36U66U38%80U37U37U37U36U36U37U66U38%80U37U36U36U37U36U36U66U38%80U37U36U36U37U37U36U66U38%80U37U37U36U36U36U37U66U38%80U37U37U36U37U36U37U66U38%80U37U36U37U36U37U36U66U38%80U37U37U36U36U36U36U66U38%80U37U36U37U37U37U37U66U38%58B40B40B40B40B40B40B40B40B40B40B40B40B40B40B40B40B40B40B40U85U79U49U73B21%62B44B34B57B48%59B41@%16%7%80U37U37U36U37U36U36U66U38%80U37U37U36U37U37U36U66U38%80U37U36U36U36U37U37U66U38%80U37U36U37U36U37U37U66U38%80U37U36U36U37U37U36U66U38%80U37U36U36U37U36U36U66U38%80U37U37U36U37U36U37U66U38%58B40B40B40B40B40B40B40U85B46%80U37U37U36U37U36U36U66U38%80U37U37U36U37U37U36U66U38%80U37U36U36U36U37U37U66U38%80U37U36U37U36U37U37U66U38%80U37U36U36U37U37U36U66U38%80U37U36U36U37U36U36U66U38%80U37U37U36U37U36U37U66U38%58B40B40B40B40B40B40B40U85U79U49%25U86U50U70%80U36U37U37U66U86U50U56B21%80U36U66U86U50U70%80U36U37U36U37U66U86U50U56B21%62B44B44B90%80U37U37U36U37U36U36U66U38%80U37U36U37U37U37U36U66U38%80U37U36U37U37U36U37U66U38%80U37U36U36U36U36U36U66U38%80U37U36U37U37U37U36U66U38%80U37U36U36U36U37U36U66U38%80U37U37U36U37U36U37U66U38%80U37U36U36U37U36U36U66U38%80U37U36U37U36U36U37U66U38%80U37U36U36U36U36U36U66U38%80U37U36U36U37U37U36U66U38%80U37U37U37U36U36U37U66U38%80U37U36U36U37U36U36U66U38%80U37U36U36U37U37U36U66U38%80U37U37U36U36U36U37U66U38%80U37U37U36U37U36U37U66U38%80U37U36U37U36U37U36U66U38%80U37U37U36U36U36U36U66U38%80U37U36U37U37U37U37U66U38%58B40B40B40B40B40B40B40B40B40B40B40B40B40B40B40B40B40B40B40U85U79@2%63B45U76B22B31"))
   (117 (((127 5) (85 1 2 8 9)) "DISK_THM") (2 0)
    ("%7U97%80U37U36U36U36U37U36U66U38%80U37U37U36U36U37U37U66U38%80U37U36U37U36U36U36U66U38%80U37U37U36U37U37U36U66U38%80U37U36U37U37U37U36U66U38%80U37U36U36U37U37U36U66U38%80U37U36U37U37U37U37U66U38%80U37U37U36U37U36U37U66U38%58B40B40B40B40B40B40B40B40U85U79B95%17U78B30%80U37U37U36U37U36U36U66U38%80U37U37U36U37U37U36U66U38%80U37U36U36U36U37U37U66U38%80U37U36U37U36U37U37U66U38%80U37U36U36U37U37U36U66U38%80U37U36U36U37U36U36U66U38%80U37U37U36U37U36U37U66U38%58B40B40B40B40B40B40B40U85%17B94%7U97@%80U37U37U36U37U36U36U66U38%80U37U36U37U37U37U36U66U38%80U37U36U37U37U36U37U66U38%80U37U36U36U36U36U36U66U38%80U37U36U37U37U37U36U66U38%80U37U36U36U36U37U36U66U38%80U37U37U36U37U36U37U66U38%80U37U36U36U37U36U36U66U38%80U37U36U37U36U36U37U66U38%80U37U36U36U36U36U36U66U38%80U37U36U36U37U37U36U66U38%80U37U37U37U36U36U37U66U38%80U37U36U36U37U36U36U66U38%80U37U36U36U37U37U36U66U38%80U37U37U36U36U36U37U66U38%80U37U37U36U37U36U37U66U38%80U37U36U37U36U37U36U66U38%80U37U37U36U36U36U36U66U38%80U37U36U37U37U37U37U66U38%58B40B40B40B40B40B40B40B40B40B40B40B40B40B40B40B40B40B40B40U85U79B95%12U78B30B24%16%7B84%67%80U37U37U36U37U36U36U66U38%80U37U37U36U37U37U36U66U38%80U37U36U36U36U37U37U66U38%80U37U36U37U36U37U37U66U38%80U37U36U36U37U37U36U66U38%80U37U36U36U37U36U36U66U38%80U37U37U36U37U36U37U66U38%58B40B40B40B40B40B40B40U85%80U37U37U36U37U36U36U66U38%80U37U37U36U37U37U36U66U38%80U37U36U36U36U37U37U66U38%80U37U36U37U36U37U37U66U38%80U37U36U36U37U37U36U66U38%80U37U36U36U37U36U36U66U38%80U37U37U36U37U36U37U66U38%58B40B40B40B40B40B40B40U85U79U49%25U86U50U70%80U36U37U37U66U86U50U56B21%80U36U66U86U50U70%80U36U37U36U37U66U86U50U56B21%62B44B44%68%80U37U37U36U37U36U36U66U38%80U37U36U37U37U37U36U66U38%80U37U36U37U37U36U37U66U38%80U37U36U36U36U36U36U66U38%80U37U36U37U37U37U36U66U38%80U37U36U36U36U37U36U66U38%80U37U37U36U37U36U37U66U38%80U37U36U36U37U36U36U66U38%80U37U36U37U36U36U37U66U38%80U37U36U36U36U36U36U66U38%80U37U36U36U37U37U36U66U38%80U37U37U37U36U36U37U66U38%80U37U36U36U37U36U36U66U38%80U37U36U36U37U37U36U66U38%80U37U37U36U36U36U37U66U38%80U37U37U36U37U36U37U66U38%80U37U36U37U36U37U36U66U38%80U37U37U36U36U36U36U66U38%80U37U36U37U37U37U37U66U38%58B40B40B40B40B40B40B40B40B40B40B40B40B40B40B40B40B40B40B40U85U79U49U73B21%62B44B34B57B48%80U37U36U36U36U37U36U66U38%80U37U37U36U36U37U37U66U38%80U37U36U37U36U36U36U66U38%80U37U37U36U37U37U36U66U38%80U37U36U37U37U37U36U66U38%80U37U36U36U37U37U36U66U38%80U37U36U37U37U37U37U66U38%80U37U37U36U37U36U37U66U38%58B40B40B40B40B40B40B40B40U85U79U49%59B41B41B35%59B41@%16U99%25B29%16%75U72U74B22B39%16U82%80U37U37U36U37U36U36U66U38%80U37U37U36U37U37U36U66U38%80U37U36U36U36U37U37U66U38%80U37U36U37U36U37U37U66U38%80U37U36U36U37U37U36U66U38%80U37U36U36U37U36U36U66U38%80U37U37U36U37U36U37U66U38%58B40B40B40B40B40B40B40U85%17B94%7U97@U51%7B98B103%80U37U37U36U37U36U36U66U38%80U37U37U36U37U37U36U66U38%80U37U36U36U36U37U37U66U38%80U37U36U37U36U37U37U66U38%80U37U36U36U37U37U36U66U38%80U37U36U36U37U36U36U66U38%80U37U37U36U37U36U37U66U38%58B40B40B40B40B40B40B40U85U79U49@%25U86U50U70%80U36U37U37U66U86U50U56B21%80U36U66U86U50U70%80U36U37U36U37U66U86U50U56B21%62B44B44@%12@2B31B32"))
   (118 (((127 4) (85 1 2 8)) "DISK_THM") (2 0)
    ("%80U37U37U36U37U36U36U66U38%80U37U37U36U37U37U36U66U38%80U37U36U36U36U37U37U66U38%80U37U36U37U36U37U37U66U38%80U37U36U36U37U37U36U66U38%80U37U36U36U37U36U36U66U38%80U37U37U36U37U36U37U66U38%58B40B40B40B40B40B40B40U85%25U86U50U70%80U36U37U37U66U86U50U56B21%80U36U66U86U50U70%80U36U37U36U37U66U86U50U56B21%62B44B44B92%80U37U37U36U37U36U36U66U38%80U37U36U37U37U37U36U66U38%80U37U36U37U37U36U37U66U38%80U37U36U36U36U36U36U66U38%80U37U36U37U37U37U36U66U38%80U37U36U36U36U37U36U66U38%80U37U37U36U37U36U37U66U38%80U37U36U36U37U36U36U66U38%80U37U36U37U36U36U37U66U38%80U37U36U36U36U36U36U66U38%80U37U36U36U37U37U36U66U38%80U37U37U37U36U36U37U66U38%80U37U36U36U37U36U36U66U38%80U37U36U36U37U37U36U66U38%80U37U37U36U36U36U37U66U38%80U37U37U36U37U36U37U66U38%80U37U36U37U36U37U36U66U38%80U37U37U36U36U36U36U66U38%80U37U36U37U37U37U37U66U38%58B40B40B40B40B40B40B40B40B40B40B40B40B40B40B40B40B40B40B40U85U79@%80U37U36U36U36U37U36U66U38%80U37U37U36U36U37U37U66U38%80U37U36U37U36U36U36U66U38%80U37U37U36U37U37U36U66U38%80U37U36U37U37U37U36U66U38%80U37U36U36U37U37U36U66U38%80U37U36U37U37U37U37U66U38%80U37U37U36U37U36U37U66U38%58B40B40B40B40B40B40B40B40U85U79@%67%80U37U37U36U37U36U36U66U38%80U37U37U36U37U37U36U66U38%80U37U36U36U36U37U37U66U38%80U37U36U37U36U37U37U66U38%80U37U36U36U37U37U36U66U38%80U37U36U36U37U36U36U66U38%80U37U37U36U37U36U37U66U38%58B40B40B40B40B40B40B40U85%80U37U37U36U37U36U36U66U38%80U37U37U36U37U37U36U66U38%80U37U36U36U36U37U37U66U38%80U37U36U37U36U37U37U66U38%80U37U36U36U37U37U36U66U38%80U37U36U36U37U36U36U66U38%80U37U37U36U37U36U37U66U38%58B40B40B40B40B40B40B40U85U79U49%25U86U50U70%80U36U37U37U66U86U50U56B21%80U36U66U86U50U70%80U36U37U36U37U66U86U50U56B21%62B44B44%68%80U37U37U36U37U36U36U66U38%80U37U36U37U37U37U36U66U38%80U37U36U37U37U36U37U66U38%80U37U36U36U36U36U36U66U38%80U37U36U37U37U37U36U66U38%80U37U36U36U36U37U36U66U38%80U37U37U36U37U36U37U66U38%80U37U36U36U37U36U36U66U38%80U37U36U37U36U36U37U66U38%80U37U36U36U36U36U36U66U38%80U37U36U36U37U37U36U66U38%80U37U37U37U36U36U37U66U38%80U37U36U36U37U36U36U66U38%80U37U36U36U37U37U36U66U38%80U37U37U36U36U36U37U66U38%80U37U37U36U37U36U37U66U38%80U37U36U37U36U37U36U66U38%80U37U37U36U36U36U36U66U38%80U37U36U37U37U37U37U66U38%58B40B40B40B40B40B40B40B40B40B40B40B40B40B40B40B40B40B40B40U85U79U49U73B21%62B44B34B57B48%80U37U36U36U36U37U36U66U38%80U37U37U36U36U37U37U66U38%80U37U36U37U36U36U36U66U38%80U37U37U36U37U37U36U66U38%80U37U36U37U37U37U36U66U38%80U37U36U36U37U37U36U66U38%80U37U36U37U37U37U37U66U38%80U37U37U36U37U36U37U66U38%58B40B40B40B40B40B40B40B40U85U79U49%59B41B41B35B27"))
   (119
    (((127 15) (81 6 16) (15 14 50 51 52 54 56 58 105 125 149)
      (3 23 25 26 155 222 289 706) (2 230) (133 0 3 6 7) (8 7) (11 359)
      (36 9 35)) "DISK_THM") (2 0)
    ("%16%7B84%64%80U36U36U66U86U50U56%80U37U66U86U50U56%80U36U66U86U50U56%59B41B41B41B47%64%80U37U36U37U36U36U37U66U38%80U37U37U36U36U36U36U66U38%80U37U36U37U37U36U37U66U38%80U37U36U37U36U37U66U38%80U37U36U36U36U36U36U66U38%80U37U37U36U37U36U36U66U38%80U37U36U37U37U37U36U66U38%80U37U36U37U37U36U37U66U38%80U37U36U36U36U36U36U66U38%80U37U36U36U37U36U36U66U38%80U37U36U36U36U37U36U66U38%80U37U37U36U36U36U37U66U38%80U37U37U36U37U36U37U66U38%80U37U37U36U37U37U36U66U38%80U37U37U36U36U37U37U66U38%80U37U36U36U37U37U36U66U38%80U37U36U36U36U36U36U66U38%80U37U36U36U37U37U66U38%58B40B40B40B40B40B40B40B40B40B40B40B40B40B40B40B40B40B40U85U71%80U37U36U37U36U36U37U66U38%80U37U37U36U36U36U36U66U38%80U37U36U37U37U36U37U66U38%80U37U36U37U36U37U66U38%80U37U36U36U36U36U36U66U38%80U37U37U36U37U36U36U66U38%80U37U36U37U37U37U36U66U38%80U37U36U37U37U36U37U66U38%80U37U36U36U36U36U36U66U38%80U37U36U36U37U36U36U66U38%80U37U36U36U36U37U36U66U38%80U37U37U36U36U36U37U66U38%80U37U37U36U37U36U37U66U38%80U37U37U36U37U37U36U66U38%80U37U37U36U36U37U37U66U38%80U37U36U36U37U37U36U66U38%80U37U36U36U36U36U36U66U38%80U37U36U36U37U36U66U38%58B40B40B40B40B40B40B40B40B40B40B40B40B40B40B40B40B40B40U85U71%80U37U36U37U36U36U37U66U38%80U37U37U36U36U36U36U66U38%80U37U36U37U37U36U37U66U38%80U37U36U37U36U37U66U38%80U37U36U36U36U36U36U66U38%80U37U37U36U37U36U36U66U38%80U37U36U37U37U37U36U66U38%80U37U36U37U37U36U37U66U38%80U37U36U36U36U36U36U66U38%80U37U36U36U37U36U36U66U38%80U37U36U36U36U37U36U66U38%80U37U37U36U36U36U37U66U38%80U37U37U36U37U36U37U66U38%80U37U37U36U37U37U36U66U38%80U37U37U36U36U37U37U66U38%80U37U36U36U37U37U36U66U38%80U37U36U36U36U36U36U66U38%80U37U36U36U36U37U66U38%58B40B40B40B40B40B40B40B40B40B40B40B40B40B40B40B40B40B40U85U71%61B43B43B43B69%64%13$0U79U49|%80U37U36U37U36U36U37U66U38%80U37U37U36U36U36U36U66U38%80U37U36U37U37U36U37U66U38%80U37U36U37U36U37U66U38%80U37U36U36U36U36U36U66U38%80U37U37U36U37U36U36U66U38%80U37U36U37U37U37U36U66U38%80U37U36U37U37U36U37U66U38%80U37U36U36U36U36U36U66U38%80U37U36U36U37U36U36U66U38%80U37U36U36U36U37U36U66U38%80U37U37U36U36U36U37U66U38%80U37U37U36U37U36U37U66U38%80U37U37U36U37U37U36U66U38%80U37U37U36U36U37U37U66U38%80U37U36U36U37U37U36U66U38%80U37U36U36U36U36U36U66U38%80U37U36U36U36U37U66U38%58B40B40B40B40B40B40B40B40B40B40B40B40B40B40B40B40B40B40U85@%13$0U79U49|%80U37U36U37U36U36U37U66U38%80U37U37U36U36U36U36U66U38%80U37U36U37U37U36U37U66U38%80U37U36U37U36U37U66U38%80U37U36U36U36U36U36U66U38%80U37U37U36U37U36U36U66U38%80U37U36U37U37U37U36U66U38%80U37U36U37U37U36U37U66U38%80U37U36U36U36U36U36U66U38%80U37U36U36U37U36U36U66U38%80U37U36U36U36U37U36U66U38%80U37U37U36U36U36U37U66U38%80U37U37U36U37U36U37U66U38%80U37U37U36U37U37U36U66U38%80U37U37U36U36U37U37U66U38%80U37U36U36U37U37U36U66U38%80U37U36U36U36U36U36U66U38%80U37U36U36U37U36U66U38%58B40B40B40B40B40B40B40B40B40B40B40B40B40B40B40B40B40B40U85@%13$0U79U49|%80U37U36U37U36U36U37U66U38%80U37U37U36U36U36U36U66U38%80U37U36U37U37U36U37U66U38%80U37U36U37U36U37U66U38%80U37U36U36U36U36U36U66U38%80U37U37U36U37U36U36U66U38%80U37U36U37U37U37U36U66U38%80U37U36U37U37U36U37U66U38%80U37U36U36U36U36U36U66U38%80U37U36U36U37U36U36U66U38%80U37U36U36U36U37U36U66U38%80U37U37U36U36U36U37U66U38%80U37U37U36U37U36U37U66U38%80U37U37U36U37U37U36U66U38%80U37U37U36U36U37U37U66U38%80U37U36U36U37U37U36U66U38%80U37U36U36U36U36U36U66U38%80U37U36U36U37U37U66U38%58B40B40B40B40B40B40B40B40B40B40B40B40B40B40B40B40B40B40U85@%59B41B41B41B47B21%62B44B57%59B41@%16%7B101%64@%80U36U66U86U50U56%80U37U66U86U50U56%80U36U36U66U86U50U56%59B41B41B41@B31"))
   (120 (((127 14) (81 6) (3 23 26 222)) "DISK_THM") (2 0)
    ("%64%80U36U66U86U50U56%80U37U66U86U50U56%80U36U36U66U86U50U56%59B41B41B41B88%80U37U36U37U36U36U37U66U38%80U37U37U36U36U36U36U66U38%80U37U36U37U37U36U37U66U38%80U37U36U37U36U37U66U38%80U37U36U36U36U36U36U66U38%80U37U37U36U37U36U36U66U38%80U37U36U37U37U37U36U66U38%80U37U36U37U37U36U37U66U38%80U37U36U36U36U36U36U66U38%80U37U36U36U37U36U36U66U38%80U37U36U36U36U37U36U66U38%80U37U37U36U36U36U37U66U38%80U37U37U36U37U36U37U66U38%80U37U37U36U37U37U36U66U38%80U37U37U36U36U37U37U66U38%80U37U36U36U37U37U36U66U38%80U37U36U36U36U36U36U66U38%80U37U36U36U36U37U66U38%58B40B40B40B40B40B40B40B40B40B40B40B40B40B40B40B40B40B40U85%80U37U36U37U36U36U37U66U38%80U37U37U36U36U36U36U66U38%80U37U36U37U37U36U37U66U38%80U37U36U37U36U37U66U38%80U37U36U36U36U36U36U66U38%80U37U37U36U37U36U36U66U38%80U37U36U37U37U37U36U66U38%80U37U36U37U37U36U37U66U38%80U37U36U36U36U36U36U66U38%80U37U36U36U37U36U36U66U38%80U37U36U36U36U37U36U66U38%80U37U37U36U36U36U37U66U38%80U37U37U36U37U36U37U66U38%80U37U37U36U37U37U36U66U38%80U37U37U36U36U37U37U66U38%80U37U36U36U37U37U36U66U38%80U37U36U36U36U36U36U66U38%80U37U36U36U37U36U66U38%58B40B40B40B40B40B40B40B40B40B40B40B40B40B40B40B40B40B40U85%80U37U36U37U36U36U37U66U38%80U37U37U36U36U36U36U66U38%80U37U36U37U37U36U37U66U38%80U37U36U37U36U37U66U38%80U37U36U36U36U36U36U66U38%80U37U37U36U37U36U36U66U38%80U37U36U37U37U37U36U66U38%80U37U36U37U37U36U37U66U38%80U37U36U36U36U36U36U66U38%80U37U36U36U37U36U36U66U38%80U37U36U36U36U37U36U66U38%80U37U37U36U36U36U37U66U38%80U37U37U36U37U36U37U66U38%80U37U37U36U37U37U36U66U38%80U37U37U36U36U37U37U66U38%80U37U36U36U37U37U36U66U38%80U37U36U36U36U36U36U66U38%80U37U36U36U37U37U66U38%58B40B40B40B40B40B40B40B40B40B40B40B40B40B40B40B40B40B40U85%60B42B42B42@%64%80U36U36U66U86U50U56%80U37U66U86U50U56%80U36U66U86U50U56%59B41B41B41B47%64%80U37U36U37U36U36U37U66U38%80U37U37U36U36U36U36U66U38%80U37U36U37U37U36U37U66U38%80U37U36U37U36U37U66U38%80U37U36U36U36U36U36U66U38%80U37U37U36U37U36U36U66U38%80U37U36U37U37U37U36U66U38%80U37U36U37U37U36U37U66U38%80U37U36U36U36U36U36U66U38%80U37U36U36U37U36U36U66U38%80U37U36U36U36U37U36U66U38%80U37U37U36U36U36U37U66U38%80U37U37U36U37U36U37U66U38%80U37U37U36U37U37U36U66U38%80U37U37U36U36U37U37U66U38%80U37U36U36U37U37U36U66U38%80U37U36U36U36U36U36U66U38%80U37U36U36U37U37U66U38%58B40B40B40B40B40B40B40B40B40B40B40B40B40B40B40B40B40B40U85U71%80U37U36U37U36U36U37U66U38%80U37U37U36U36U36U36U66U38%80U37U36U37U37U36U37U66U38%80U37U36U37U36U37U66U38%80U37U36U36U36U36U36U66U38%80U37U37U36U37U36U36U66U38%80U37U36U37U37U37U36U66U38%80U37U36U37U37U36U37U66U38%80U37U36U36U36U36U36U66U38%80U37U36U36U37U36U36U66U38%80U37U36U36U36U37U36U66U38%80U37U37U36U36U36U37U66U38%80U37U37U36U37U36U37U66U38%80U37U37U36U37U37U36U66U38%80U37U37U36U36U37U37U66U38%80U37U36U36U37U37U36U66U38%80U37U36U36U36U36U36U66U38%80U37U36U36U37U36U66U38%58B40B40B40B40B40B40B40B40B40B40B40B40B40B40B40B40B40B40U85U71%80U37U36U37U36U36U37U66U38%80U37U37U36U36U36U36U66U38%80U37U36U37U37U36U37U66U38%80U37U36U37U36U37U66U38%80U37U36U36U36U36U36U66U38%80U37U37U36U37U36U36U66U38%80U37U36U37U37U37U36U66U38%80U37U36U37U37U36U37U66U38%80U37U36U36U36U36U36U66U38%80U37U36U36U37U36U36U66U38%80U37U36U36U36U37U36U66U38%80U37U37U36U36U36U37U66U38%80U37U37U36U37U36U37U66U38%80U37U37U36U37U37U36U66U38%80U37U37U36U36U37U37U66U38%80U37U36U36U37U37U36U66U38%80U37U36U36U36U36U36U66U38%80U37U36U36U36U37U66U38%58B40B40B40B40B40B40B40B40B40B40B40B40B40B40B40B40B40B40U85U71%61B43B43B43B69%64%13$0U79U49|%80U37U36U37U36U36U37U66U38%80U37U37U36U36U36U36U66U38%80U37U36U37U37U36U37U66U38%80U37U36U37U36U37U66U38%80U37U36U36U36U36U36U66U38%80U37U37U36U37U36U36U66U38%80U37U36U37U37U37U36U66U38%80U37U36U37U37U36U37U66U38%80U37U36U36U36U36U36U66U38%80U37U36U36U37U36U36U66U38%80U37U36U36U36U37U36U66U38%80U37U37U36U36U36U37U66U38%80U37U37U36U37U36U37U66U38%80U37U37U36U37U37U36U66U38%80U37U37U36U36U37U37U66U38%80U37U36U36U37U37U36U66U38%80U37U36U36U36U36U36U66U38%80U37U36U36U36U37U66U38%58B40B40B40B40B40B40B40B40B40B40B40B40B40B40B40B40B40B40U85@%13$0U79U49|%80U37U36U37U36U36U37U66U38%80U37U37U36U36U36U36U66U38%80U37U36U37U37U36U37U66U38%80U37U36U37U36U37U66U38%80U37U36U36U36U36U36U66U38%80U37U37U36U37U36U36U66U38%80U37U36U37U37U37U36U66U38%80U37U36U37U37U36U37U66U38%80U37U36U36U36U36U36U66U38%80U37U36U36U37U36U36U66U38%80U37U36U36U36U37U36U66U38%80U37U37U36U36U36U37U66U38%80U37U37U36U37U36U37U66U38%80U37U37U36U37U37U36U66U38%80U37U37U36U36U37U37U66U38%80U37U36U36U37U37U36U66U38%80U37U36U36U36U36U36U66U38%80U37U36U36U37U36U66U38%58B40B40B40B40B40B40B40B40B40B40B40B40B40B40B40B40B40B40U85@%13$0U79U49|%80U37U36U37U36U36U37U66U38%80U37U37U36U36U36U36U66U38%80U37U36U37U37U36U37U66U38%80U37U36U37U36U37U66U38%80U37U36U36U36U36U36U66U38%80U37U37U36U37U36U36U66U38%80U37U36U37U37U37U36U66U38%80U37U36U37U37U36U37U66U38%80U37U36U36U36U36U36U66U38%80U37U36U36U37U36U36U66U38%80U37U36U36U36U37U36U66U38%80U37U37U36U36U36U37U66U38%80U37U37U36U37U36U37U66U38%80U37U37U36U37U37U36U66U38%80U37U37U36U36U37U37U66U38%80U37U36U36U37U37U36U66U38%80U37U36U36U36U36U36U66U38%80U37U36U36U37U37U66U38%58B40B40B40B40B40B40B40B40B40B40B40B40B40B40B40B40B40B40U85@%59B41B41B41B47B21%62B44B57B27"))
   (121
    (((127 17) (81 7 9 18) (15 14 50 51 52 54 56 149)
      (3 23 25 26 155 222 289 706) (2 230) (133 0 3 6 7) (36 9 35))
     "DISK_THM") (2 0)
    ("%16%7B84%64%80U36U36U36U66U86U50U56%80U37U36U37U36U37U36U66U38%80U37U36U37U36U36U36U66U38%80U37U36U37U37U37U37U66U38%80U37U37U36U36U36U36U66U38%80U37U37U36U36U37U37U66U38%80U37U36U36U37U37U36U66U38%80U37U36U36U37U36U37U66U38%58B40B40B40B40B40B40B40U85%80U37U36U37U36U36U37U66U38%80U37U37U36U36U36U36U66U38%80U37U36U37U37U36U37U66U38%80U37U36U37U36U37U66U38%80U37U36U36U36U36U36U66U38%80U37U37U36U37U36U36U66U38%80U37U36U37U37U37U36U66U38%80U37U36U37U37U36U37U66U38%80U37U36U36U36U36U36U66U38%80U37U36U36U37U36U36U66U38%80U37U36U36U36U37U36U66U38%80U37U37U36U36U36U37U66U38%80U37U37U36U37U36U37U66U38%80U37U37U36U37U37U36U66U38%80U37U37U36U36U37U37U66U38%80U37U36U36U37U37U36U66U38%80U37U36U36U36U36U36U66U38%80U37U36U36U36U37U66U38%58B40B40B40B40B40B40B40B40B40B40B40B40B40B40B40B40B40B40U85U79U49B48%59B41B41B47%64%80U37U36U37U36U36U37U66U38%80U37U37U36U36U36U36U66U38%80U37U36U37U37U36U37U66U38%80U37U36U37U36U37U66U38%80U37U36U36U36U36U36U66U38%80U37U37U36U37U36U36U66U38%80U37U36U37U37U37U36U66U38%80U37U36U37U37U36U37U66U38%80U37U36U36U36U36U36U66U38%80U37U36U36U37U36U36U66U38%80U37U36U36U36U37U36U66U38%80U37U37U36U36U36U37U66U38%80U37U37U36U37U36U37U66U38%80U37U37U36U37U37U36U66U38%80U37U37U36U36U37U37U66U38%80U37U36U36U37U37U36U66U38%80U37U36U36U36U36U36U66U38%80U37U36U36U37U36U66U38%58B40B40B40B40B40B40B40B40B40B40B40B40B40B40B40B40B40B40U85U71%80U37U36U37U36U36U37U66U38%80U37U37U36U36U36U36U66U38%80U37U36U37U37U36U37U66U38%80U37U36U37U36U37U66U38%80U37U36U36U36U36U36U66U38%80U37U37U36U37U36U36U66U38%80U37U36U37U37U37U36U66U38%80U37U36U37U37U36U37U66U38%80U37U36U36U36U36U36U66U38%80U37U36U36U37U36U36U66U38%80U37U36U36U36U37U36U66U38%80U37U37U36U36U36U37U66U38%80U37U37U36U37U36U37U66U38%80U37U37U36U37U37U36U66U38%80U37U37U36U36U37U37U66U38%80U37U36U36U37U37U36U66U38%80U37U36U36U36U36U36U66U38%80U37U36U36U36U37U66U38%58B40B40B40B40B40B40B40B40B40B40B40B40B40B40B40B40B40B40U85U71%61B43B43B69%67%13$0U79U49|%80U37U36U37U36U36U37U66U38%80U37U37U36U36U36U36U66U38%80U37U36U37U37U36U37U66U38%80U37U36U37U36U37U66U38%80U37U36U36U36U36U36U66U38%80U37U37U36U37U36U36U66U38%80U37U36U37U37U37U36U66U38%80U37U36U37U37U36U37U66U38%80U37U36U36U36U36U36U66U38%80U37U36U36U37U36U36U66U38%80U37U36U36U36U37U36U66U38%80U37U37U36U36U36U37U66U38%80U37U37U36U37U36U37U66U38%80U37U37U36U37U37U36U66U38%80U37U37U36U36U37U37U66U38%80U37U36U36U37U37U36U66U38%80U37U36U36U36U36U36U66U38%80U37U36U36U36U37U66U38%58B40B40B40B40B40B40B40B40B40B40B40B40B40B40B40B40B40B40U85@%13$0U79U49|%80U37U36U37U36U36U37U66U38%80U37U37U36U36U36U36U66U38%80U37U36U37U37U36U37U66U38%80U37U36U37U36U37U66U38%80U37U36U36U36U36U36U66U38%80U37U37U36U37U36U36U66U38%80U37U36U37U37U37U36U66U38%80U37U36U37U37U36U37U66U38%80U37U36U36U36U36U36U66U38%80U37U36U36U37U36U36U66U38%80U37U36U36U36U37U36U66U38%80U37U37U36U36U36U37U66U38%80U37U37U36U37U36U37U66U38%80U37U37U36U37U37U36U66U38%80U37U37U36U36U37U37U66U38%80U37U36U36U37U37U36U66U38%80U37U36U36U36U36U36U66U38%80U37U36U36U37U36U66U38%58B40B40B40B40B40B40B40B40B40B40B40B40B40B40B40B40B40B40U85@%59B41B41B35B21%62B44B57%59B41@%16%7B102%80U37U36U37U36U37U36U66U38%80U37U36U37U36U36U36U66U38%80U37U36U37U37U37U37U66U38%80U37U37U36U36U36U36U66U38%80U37U37U36U36U37U37U66U38%80U37U36U36U37U37U36U66U38%80U37U36U36U37U36U37U66U38%58B40B40B40B40B40B40B40U85%80U37U36U37U36U36U37U66U38%80U37U37U36U36U36U36U66U38%80U37U36U37U37U36U37U66U38%80U37U36U37U36U37U66U38%80U37U36U36U36U36U36U66U38%80U37U37U36U37U36U36U66U38%80U37U36U37U37U37U36U66U38%80U37U36U37U37U36U37U66U38%80U37U36U36U36U36U36U66U38%80U37U36U36U37U36U36U66U38%80U37U36U36U36U37U36U66U38%80U37U37U36U36U36U37U66U38%80U37U37U36U37U36U37U66U38%80U37U37U36U37U37U36U66U38%80U37U37U36U36U37U37U66U38%80U37U36U36U37U37U36U66U38%80U37U36U36U36U36U36U66U38%80U37U36U36U36U37U66U38%58B40B40B40B40B40B40B40B40B40B40B40B40B40B40B40B40B40B40U85U79U49B48@%80U36U36U36U66U86U50U56@B31"))
   (122 (((127 16) (81 7) (3 23 26 222)) "DISK_THM") (2 0)
    ("%80U37U36U37U36U37U36U66U38%80U37U36U37U36U36U36U66U38%80U37U36U37U37U37U37U66U38%80U37U37U36U36U36U36U66U38%80U37U37U36U36U37U37U66U38%80U37U36U36U37U37U36U66U38%80U37U36U36U37U36U37U66U38%58B40B40B40B40B40B40B40U85%80U37U36U37U36U36U37U66U38%80U37U37U36U36U36U36U66U38%80U37U36U37U37U36U37U66U38%80U37U36U37U36U37U66U38%80U37U36U36U36U36U36U66U38%80U37U37U36U37U36U36U66U38%80U37U36U37U37U37U36U66U38%80U37U36U37U37U36U37U66U38%80U37U36U36U36U36U36U66U38%80U37U36U36U37U36U36U66U38%80U37U36U36U36U37U36U66U38%80U37U37U36U36U36U37U66U38%80U37U37U36U37U36U37U66U38%80U37U37U36U37U37U36U66U38%80U37U37U36U36U37U37U66U38%80U37U36U36U37U37U36U66U38%80U37U36U36U36U36U36U66U38%80U37U36U36U36U37U66U38%58B40B40B40B40B40B40B40B40B40B40B40B40B40B40B40B40B40B40U85U79U49B48%80U36U36U36U66U86U50U56%59B41B41%80U37U36U37U36U36U37U66U38%80U37U37U36U36U36U36U66U38%80U37U36U37U37U36U37U66U38%80U37U36U37U36U37U66U38%80U37U36U36U36U36U36U66U38%80U37U37U36U37U36U36U66U38%80U37U36U37U37U37U36U66U38%80U37U36U37U37U36U37U66U38%80U37U36U36U36U36U36U66U38%80U37U36U36U37U36U36U66U38%80U37U36U36U36U37U36U66U38%80U37U37U36U36U36U37U66U38%80U37U37U36U37U36U37U66U38%80U37U37U36U37U37U36U66U38%80U37U37U36U36U37U37U66U38%80U37U36U36U37U37U36U66U38%80U37U36U36U36U36U36U66U38%80U37U36U36U36U37U66U38%58B40B40B40B40B40B40B40B40B40B40B40B40B40B40B40B40B40B40U85%80U37U36U37U36U36U37U66U38%80U37U37U36U36U36U36U66U38%80U37U36U37U37U36U37U66U38%80U37U36U37U36U37U66U38%80U37U36U36U36U36U36U66U38%80U37U37U36U37U36U36U66U38%80U37U36U37U37U37U36U66U38%80U37U36U37U37U36U37U66U38%80U37U36U36U36U36U36U66U38%80U37U36U36U37U36U36U66U38%80U37U36U36U36U37U36U66U38%80U37U37U36U36U36U37U66U38%80U37U37U36U37U36U37U66U38%80U37U37U36U37U37U36U66U38%80U37U37U36U36U37U37U66U38%80U37U36U36U37U37U36U66U38%80U37U36U36U36U36U36U66U38%80U37U36U36U37U36U66U38%58B40B40B40B40B40B40B40B40B40B40B40B40B40B40B40B40B40B40U85%60B42B42B87%64%80U36U36U36U66U86U50U56%80U37U36U37U36U37U36U66U38%80U37U36U37U36U36U36U66U38%80U37U36U37U37U37U37U66U38%80U37U37U36U36U36U36U66U38%80U37U37U36U36U37U37U66U38%80U37U36U36U37U37U36U66U38%80U37U36U36U37U36U37U66U38%58B40B40B40B40B40B40B40U85%80U37U36U37U36U36U37U66U38%80U37U37U36U36U36U36U66U38%80U37U36U37U37U36U37U66U38%80U37U36U37U36U37U66U38%80U37U36U36U36U36U36U66U38%80U37U37U36U37U36U36U66U38%80U37U36U37U37U37U36U66U38%80U37U36U37U37U36U37U66U38%80U37U36U36U36U36U36U66U38%80U37U36U36U37U36U36U66U38%80U37U36U36U36U37U36U66U38%80U37U37U36U36U36U37U66U38%80U37U37U36U37U36U37U66U38%80U37U37U36U37U37U36U66U38%80U37U37U36U36U37U37U66U38%80U37U36U36U37U37U36U66U38%80U37U36U36U36U36U36U66U38%80U37U36U36U36U37U66U38%58B40B40B40B40B40B40B40B40B40B40B40B40B40B40B40B40B40B40U85U79U49B48%59B41B41B47%64%80U37U36U37U36U36U37U66U38%80U37U37U36U36U36U36U66U38%80U37U36U37U37U36U37U66U38%80U37U36U37U36U37U66U38%80U37U36U36U36U36U36U66U38%80U37U37U36U37U36U36U66U38%80U37U36U37U37U37U36U66U38%80U37U36U37U37U36U37U66U38%80U37U36U36U36U36U36U66U38%80U37U36U36U37U36U36U66U38%80U37U36U36U36U37U36U66U38%80U37U37U36U36U36U37U66U38%80U37U37U36U37U36U37U66U38%80U37U37U36U37U37U36U66U38%80U37U37U36U36U37U37U66U38%80U37U36U36U37U37U36U66U38%80U37U36U36U36U36U36U66U38%80U37U36U36U37U36U66U38%58B40B40B40B40B40B40B40B40B40B40B40B40B40B40B40B40B40B40U85U71%80U37U36U37U36U36U37U66U38%80U37U37U36U36U36U36U66U38%80U37U36U37U37U36U37U66U38%80U37U36U37U36U37U66U38%80U37U36U36U36U36U36U66U38%80U37U37U36U37U36U36U66U38%80U37U36U37U37U37U36U66U38%80U37U36U37U37U36U37U66U38%80U37U36U36U36U36U36U66U38%80U37U36U36U37U36U36U66U38%80U37U36U36U36U37U36U66U38%80U37U37U36U36U36U37U66U38%80U37U37U36U37U36U37U66U38%80U37U37U36U37U37U36U66U38%80U37U37U36U36U37U37U66U38%80U37U36U36U37U37U36U66U38%80U37U36U36U36U36U36U66U38%80U37U36U36U36U37U66U38%58B40B40B40B40B40B40B40B40B40B40B40B40B40B40B40B40B40B40U85U71%61B43B43B69%67%13$0U79U49|%80U37U36U37U36U36U37U66U38%80U37U37U36U36U36U36U66U38%80U37U36U37U37U36U37U66U38%80U37U36U37U36U37U66U38%80U37U36U36U36U36U36U66U38%80U37U37U36U37U36U36U66U38%80U37U36U37U37U37U36U66U38%80U37U36U37U37U36U37U66U38%80U37U36U36U36U36U36U66U38%80U37U36U36U37U36U36U66U38%80U37U36U36U36U37U36U66U38%80U37U37U36U36U36U37U66U38%80U37U37U36U37U36U37U66U38%80U37U37U36U37U37U36U66U38%80U37U37U36U36U37U37U66U38%80U37U36U36U37U37U36U66U38%80U37U36U36U36U36U36U66U38%80U37U36U36U36U37U66U38%58B40B40B40B40B40B40B40B40B40B40B40B40B40B40B40B40B40B40U85@%13$0U79U49|%80U37U36U37U36U36U37U66U38%80U37U37U36U36U36U36U66U38%80U37U36U37U37U36U37U66U38%80U37U36U37U36U37U66U38%80U37U36U36U36U36U36U66U38%80U37U37U36U37U36U36U66U38%80U37U36U37U37U37U36U66U38%80U37U36U37U37U36U37U66U38%80U37U36U36U36U36U36U66U38%80U37U36U36U37U36U36U66U38%80U37U36U36U36U37U36U66U38%80U37U37U36U36U36U37U66U38%80U37U37U36U37U36U37U66U38%80U37U37U36U37U37U36U66U38%80U37U37U36U36U37U37U66U38%80U37U36U36U37U37U36U66U38%80U37U36U36U36U36U36U66U38%80U37U36U36U37U36U66U38%58B40B40B40B40B40B40B40B40B40B40B40B40B40B40B40B40B40B40U85@%59B41B41B35B21%62B44B57B27"))
   (123 (((127 18) (85 10) (15 25 56)) "DISK_THM") (2 0)
    ("%16%7B84%65%5B55%6@%59B41@%16%7B105%5@%6@B31"))
   (124 (((127 20) (81 16) (15 25 50 52 56 58 63 105 125)) "DISK_THM")
    (2 0)
    ("%14U33%14U53%8U52B29%7U96%4B83%8U52@B24B24%16%7B84%4%8B88%14@%59B41@%16%7B101%4@%8@B31B32"))
   (125
    (((127 19) (73 5) (15 25 26 27 50 52 54 56 58 63 105 125)) "DISK_THM")
    (2 0)
    ("%11%1B28U106%16%7B81%11@%0@B24%16%7B84%11%1B89%9@%0@%59B41@%16%7B102%9@%0@B31B32"))
   (126 (((127 21) (81 18) (15 25 50 52 56 58 63 105 125)) "DISK_THM")
    (2 0)
    ("%14U33%14U53%8U52B29B24%16%7B84%8%14B87%59B41@%16%7B100%8@B31B32"))))
 (incorporate (incorporate-types) incorporate-consts)
 (loadable-thydata ("grammardelta")
  ("grammar" "hol" "Hol4SmlMacro" "Hol4SmlApplication" "Hol4SmlOrder")))
